-1.052633662456691366e-03
-9.244301718867805901e-04
-8.064658798757822844e-04
-6.984044801304393297e-04
-5.999002646274702180e-04
-5.105976647551284430e-04
-4.301307785032259449e-04
-3.581228876651631598e-04
-2.941859707874930124e-04
-2.379202199870456415e-04
-1.889135730795769559e-04
-1.467412772309680371e-04
-1.109655076255734312e-04
-8.113507669357420890e-05
-5.678529171178603305e-05
-3.743806562589172752e-05
-2.260250202767661654e-05
-1.177652043362698367e-05
-4.451407846496898474e-06
-1.289856818101963797e-07
