-1.084070852965017106e-03
-9.548720071671072413e-04
-8.358869141104861844e-04
-7.267780365895551431e-04
-6.271983694304803826e-04
-5.367909784077315579e-04
-4.551885251537805214e-04
-3.820127817231521805e-04
-3.168741399262508997e-04
-2.593711223532491625e-04
-2.090899042508984193e-04
-1.656038581502768657e-04
-1.284731364333900182e-04
-9.724431092038867102e-05
-7.145009307268729520e-05
-5.060916349592098075e-05
-3.422614498425893343e-05
-2.179175913078941360e-05
-1.278321217582699350e-05
-6.664860786811149427e-06
-2.889212541819508480e-06
-8.983207316012347505e-07
-1.256610006014778868e-07
