-1.059794889799172898e-03
-9.313639702837914029e-04
-8.131663718531864128e-04
-7.048654940057629947e-04
-6.061153163913731226e-04
-5.165599385974818398e-04
-4.358331056630685178e-04
-3.635577230783964501e-04
-2.993453666396415675e-04
-2.427957946459318155e-04
-1.934964727508607890e-04
-1.510221256245824378e-04
-1.149343350412388467e-04
-8.478121229396170708e-05
-6.009718676070037403e-05
-4.040297921434850606e-05
-2.520588913002144317e-05
-1.400069129472593055e-05
-6.272009656852803493e-06
-1.501818490904661376e-06
