-1.073663059235173932e-03
-9.447928738080038896e-04
-8.261447640938919014e-04
-7.173815832370647721e-04
-6.181567346107052965e-04
-5.281137104357862396e-04
-4.468856160448870878e-04
-3.740946833868778482e-04
-3.093517788326538868e-04
-2.522559121844483677e-04
-2.023937561052177006e-04
-1.593391880827567126e-04
-1.226528706574377516e-04
-9.188189020157015632e-05
-6.655948044572268637e-05
-4.620486513069296179e-05
-3.032326708652732724e-05
-1.840615630648505146e-05
-9.931874560429891012e-06
-4.367001127461260507e-06
-1.169995380993882829e-06
