-1.071350991247202586e-03
-9.425539330364864510e-04
-8.239808129400890335e-04
-7.152945730831985170e-04
-6.161487103489906312e-04
-5.261868150645706253e-04
-4.450420952994142872e-04
-3.723368903796356560e-04
-3.076821786973632077e-04
-2.506770867606650439e-04
-2.009084087982270623e-04
-1.579501492181003229e-04
-1.213631040169961442e-04
-9.069450215649163679e-05
-6.547773458845134364e-05
-4.523220850060091596e-05
-2.946338145807878689e-05
-1.766306690313435577e-05
-9.310204766128211094e-06
-3.872671937506116956e-06
-8.128573708306447949e-07
