-1.081757517233326296e-03
-9.526316489497325003e-04
-8.337213748206776919e-04
-7.246892429754181464e-04
-6.251883373138175486e-04
-5.348618162762102269e-04
-4.533424374972888551e-04
-3.802520719849881515e-04
-3.152012129041138061e-04
-2.577884858533772841e-04
-2.076001697629486576e-04
-1.642097402759092159e-04
-1.271774507803234342e-04
-9.604997018112784648e-05
-7.036010107882933150e-05
-4.962660726376834608e-05
-3.335418533451100934e-05
-2.103362190395931651e-05
-1.214218593671254973e-05
-6.144318805421895369e-06
-2.492722065612744239e-06
-6.301508307764608698e-07
