-1.083839506736523038e-03
-9.546479571991158507e-04
-8.356703443363379261e-04
-7.265691394402230829e-04
-6.269973462001122121e-04
-5.365980396041399557e-04
-4.550038908189512591e-04
-3.818366817121325802e-04
-3.167068141260134437e-04
-2.592128208187486748e-04
-2.089408872333382459e-04
-1.654643959844641723e-04
-1.283435092470045381e-04
-9.712480812300929326e-05
-7.134101257744764881e-05
-5.051081062701976278e-05
-3.413883103129720735e-05
-2.171579953934186654e-05
-1.271892444813919468e-05
-6.612562422487092508e-06
-2.849220279479628329e-06
-8.709569686047876368e-07
-1.113156729547381400e-07
