-1.079213172907495270e-03
-9.501676181973376387e-04
-8.313396885511190656e-04
-7.223920268918033235e-04
-6.229778162263545534e-04
-5.327403183040264455e-04
-4.513123980648601997e-04
-3.783160374895796520e-04
-3.133618439158194525e-04
-2.560485596864004549e-04
-2.059625822493911886e-04
-1.626775065878873221e-04
-1.257537052109734528e-04
-9.473796496343422891e-05
-6.916320471234291766e-05
-4.854830368972338985e-05
-3.239807730448992780e-05
-2.020344678220991176e-05
-1.144186548991313725e-05
-5.578107022591240289e-06
-2.065689601281939415e-06
-3.503977273791844378e-07
