-1.082682817774432114e-03
-9.535277545084007650e-04
-8.345875482765351995e-04
-7.255247129778811220e-04
-6.259922967663299545e-04
-5.356334208734444798e-04
-4.540808043568647407e-04
-3.809562784237113353e-04
-3.158702954198888517e-04
-2.584214393861298002e-04
-2.081959473189276696e-04
-1.647672530074929570e-04
-1.276955686141328190e-04
-9.652752306704420607e-05
-7.079588087467904170e-05
-5.001937011726861697e-05
-3.370265406482146554e-05
-2.133648699378263167e-05
-1.239810135727888865e-05
-6.351881523024148179e-06
-2.650395682013737468e-06
-7.359336836829915892e-07
-4.363517479409233175e-08
