-1.080600954864811922e-03
-9.515115877716127848e-04
-8.326387372767775179e-04
-7.236449944773876587e-04
-6.241834881750235684e-04
-5.338974235892455763e-04
-4.524196069077301464e-04
-3.793719593033053955e-04
-3.143650254870520742e-04
-2.569974836741334250e-04
-2.068556660818735059e-04
-1.635131018232952428e-04
-1.265300973798855373e-04
-9.545337379865544928e-05
-6.981578441453992288e-05
-4.913614231817983605e-05
-3.291919309682239382e-05
-2.065577606949230486e-05
-1.182322830471872939e-05
-5.886108921758866903e-06
-2.297403179806154723e-06
-5.008788147641102828e-07
