-1.063029885334235234e-03
-9.344963623159808662e-04
-8.161935211646494104e-04
-7.077846311991395443e-04
-6.089235343107088881e-04
-5.192541843088563976e-04
-4.384101719151836120e-04
-3.660142390973609517e-04
-3.016777879984185022e-04
-2.450003917372022932e-04
-1.955693170209799807e-04
-1.529590720358994186e-04
-1.167309979362994620e-04
-8.643292929906431111e-05
-6.159896012991605829e-05
-4.174937239419253910e-05
-2.639082787085560863e-05
-1.501703865588171185e-05
-7.110507850728440114e-06
-2.147625968829243726e-06
