-1.056329439413005496e-03
-9.280085255801272942e-04
-8.099237709894498453e-04
-7.017387164678533977e-04
-6.031074915282301973e-04
-5.136743547452818576e-04
-4.330732199885018808e-04
-3.609271723601914766e-04
-2.968479793626651155e-04
-2.404356050620889171e-04
-1.912777380497369451e-04
-1.489493482578808123e-04
-1.130122939372404006e-04
-8.301501002289798860e-05
-5.849232663424526739e-05
-3.896550186522513561e-05
-2.394263698422019427e-05
-1.291988195397139160e-05
-5.384708441704875305e-06
-8.271431561289012031e-07
