-1.066034306503278262e-03
-9.374055678490881595e-04
-8.190050687295708995e-04
-7.104959590624441599e-04
-6.115319546295268057e-04
-5.217568761069489884e-04
-4.408041737022149278e-04
-3.682964410481290611e-04
-3.038449235213967260e-04
-2.470490281136471515e-04
-1.974958445134527998e-04
-1.547596903491485877e-04
-1.184016979372686955e-04
-8.796946599301988501e-05
-6.299680897279916756e-05
-4.300365242480152931e-05
-2.749615446755869399e-05
-1.596721216395582878e-05
-7.897757378520260533e-06
-2.760281575956114102e-06
-3.348430532711866339e-08
