-1.083376822714842043e-03
-9.541998666923070908e-04
-8.352372153494511207e-04
-7.261513569969401142e-04
-6.265953130813329674e-04
-5.362121770524600362e-04
-4.546346391890018421e-04
-3.814845010399559662e-04
-3.163721845797438361e-04
-2.588962429914567044e-04
-2.086428822245798339e-04
-1.651855052119534199e-04
-1.280842939183940063e-04
-9.688584829237333507e-05
-7.112290570978312002e-05
-5.031416960867455759e-05
-3.396428161110048914e-05
-2.156397731683894464e-05
-1.259047188432189376e-05
-6.508127439240718828e-06
-2.769462023253575305e-06
-8.165847202425244781e-07
-8.339152481791542573e-08
