-1.075744161610561528e-03
-9.468081902212333424e-04
-8.280926223962906466e-04
-7.192602318978510685e-04
-6.199643387932852849e-04
-5.298483480565413517e-04
-4.485452738568987017e-04
-3.756772531332408646e-04
-3.108550535070794818e-04
-2.536775824108506707e-04
-2.037314065924630043e-04
-1.605902939866949114e-04
-1.238147934358359444e-04
-9.295187204742405703e-05
-6.753463535983571459e-05
-4.708216249513507172e-05
-3.109949856981703817e-05
-1.907786424491452899e-05
-1.049518323110750093e-05
-4.817161266500038393e-06
-1.499781848949001772e-06
-1.789684386640112428e-10
