-1.068808042512288912e-03
-9.400914628519708299e-04
-8.216008753868217539e-04
-7.129993210731931739e-04
-6.139404008163140518e-04
-5.240678142873563157e-04
-4.430148843384019704e-04
-3.704040706351100247e-04
-3.058464776206564297e-04
-2.489413638300533521e-04
-1.992756620102565149e-04
-1.564235226163878723e-04
-1.199458973055120292e-04
-8.939018446994155629e-05
-6.428996658967801522e-05
-4.416488149674340294e-05
-2.852069279309553341e-05
-1.684967847665867576e-05
-8.631616185604997757e-06
-3.336274004632612349e-06
-4.322776585458933899e-07
