-1.077594222082341527e-03
-9.485997969390373881e-04
-8.298242921870916354e-04
-7.209304115805701329e-04
-6.215714018117286539e-04
-5.313905911294079755e-04
-4.500209136945266999e-04
-3.770844232772911707e-04
-3.121918013500131137e-04
-2.549418664443586541e-04
-2.049210939009172595e-04
-1.617031579305339053e-04
-1.248485113090600819e-04
-9.390402216810547330e-05
-6.840269236900209686e-05
-4.786348817556914097e-05
-3.179132216176888172e-05
-1.967723794313723409e-05
-1.099887509140438307e-05
-5.221367347653079263e-06
-1.799160426349218643e-06
-1.819033842006117607e-07
