-2.168493688819426481e-03
-2.006304765366352747e-03
-1.851935829320873559e-03
-1.705235546240578852e-03
-1.566050054968846569e-03
-1.434222891781018793e-03
-1.309594912676193598e-03
-1.192004213943466872e-03
-1.081286051165883041e-03
-9.772727568759852299e-04
-8.797936571290612597e-04
-7.886749873296620972e-04
-7.037398077178020316e-04
-6.248079190203254538e-04
-5.516957788800662876e-04
-4.842164198068107201e-04
-4.221793695591968950e-04
-3.653905750641677224e-04
-3.136523312391977848e-04
-2.667632164079549719e-04
-2.245180364498947187e-04
-1.867077804516403122e-04
-1.531195915498548721e-04
-1.235367581009478937e-04
-9.773873268804039824e-05
-7.550119065292092146e-05
-5.659614766900805541e-05
-4.079217167050226136e-05
-2.785475913486909635e-05
-1.754703018588372684e-05
-9.631132761172198133e-06
-3.871546795037909525e-06
-4.525722310947767947e-08
