-1.990049407806673658e-03
-1.831312346390767719e-03
-1.680450879270408652e-03
-1.537315530212434323e-03
-1.401754389643521722e-03
-1.273613046896836286e-03
-1.152734522011490985e-03
-1.038959197591312559e-03
-9.321247514006260684e-04
-8.320660905897483885e-04
-7.386152887564510165e-04
-6.516015274568671620e-04
-5.708510443697828451e-04
-4.961870911562313649e-04
-4.274299052695627659e-04
-3.643967018025522824e-04
-3.069016942533316842e-04
-2.547561575268895615e-04
-2.077685537365867962e-04
-1.657447537045899277e-04
-1.284884090059040492e-04
-9.580157059181621361e-05
-6.748573250186299364e-05
-4.334365817166555332e-05
-2.318277815692163977e-05
-6.822147222035923370e-06
