-2.211226974758908736e-03
-2.048222524774919850e-03
-1.893025525570621315e-03
-1.745484276956353088e-03
-1.605444539951362843e-03
-1.472749460674450386e-03
-1.347239492392040628e-03
-1.228752315849376223e-03
-1.117122758043629510e-03
-1.012182709644580438e-03
-9.137610413179112455e-04
-8.216835192619046605e-04
-7.357727203362219746e-04
-6.558479472378187652e-04
-5.817251442651865528e-04
-5.132168143116691344e-04
-4.501319378384090273e-04
-3.922758947062964440e-04
-3.394503898850185141e-04
-2.914533842167338438e-04
-2.480790315857959983e-04
-2.091176240418673722e-04
-1.743555466377065424e-04
-1.435752439836654720e-04
-1.165552007877754828e-04
-9.306993896017320348e-05
-7.289003423292453451e-05
-5.578215573486864742e-05
-4.150913268357914909e-05
-2.983005359263323788e-05
-2.050040586207452253e-05
-1.327226931221988173e-05
-7.894592381341926000e-06
-4.113627372116760599e-06
-1.673789842028050519e-06
-3.203210297945777050e-07
