-2.063517569958467097e-03
-1.903350074644393581e-03
-1.751034618602654398e-03
-1.606420891624695414e-03
-1.469356102444747351e-03
-1.339684906059740097e-03
-1.217249329676725698e-03
-1.101888697543746158e-03
-9.934395550057891974e-04
-8.917355922282599757e-04
-7.966075681757492453e-04
-7.078832356094290736e-04
-6.253872681171568750e-04
-5.489411905137577116e-04
-4.783633144149841612e-04
-4.134686814343911795e-04
-3.540690174018924687e-04
-2.999727024146506618e-04
-2.509847637090293878e-04
-2.069069018078585598e-04
-1.675375661312909813e-04
-1.326721061502887471e-04
-1.021030420799039955e-04
-7.562053349814697016e-05
-5.301319501614974250e-05
-3.406956690193963227e-05
-1.858094792636172865e-05
-6.347474950367404541e-06
