-1.870516614393628874e-03
-1.714135705111483835e-03
-1.565670852255757629e-03
-1.424974171890310004e-03
-1.291895458495189667e-03
-1.166282131652592730e-03
-1.047979185344890575e-03
-9.368291412555241216e-04
-8.326720079373198680e-04
-7.353452483935783712e-04
-6.446837595585059970e-04
-5.605198685403063987e-04
-4.826833525133356604e-04
-4.110014921941509188e-04
-3.452991735625624632e-04
-2.853990600087118494e-04
-2.311218694919761792e-04
-1.822868125517605590e-04
-1.387122851497845451e-04
-1.002169826477811691e-04
-6.662174797067587262e-05
-3.775279132994482272e-05
-1.344772106044741611e-05
