-2.187674288458179347e-03
-2.025118803106888080e-03
-1.870377642742254275e-03
-1.723299305288688828e-03
-1.583729756109055441e-03
-1.451512351971054370e-03
-1.326487763153019620e-03
-1.208493893811478544e-03
-1.097365800771148061e-03
-9.929356109413109074e-04
-8.950324376127615986e-04
-8.034822959531702849e-04
-7.181080180843901761e-04
-6.387291682100155674e-04
-5.651619583525943364e-04
-4.972191653740434770e-04
-4.347100500775831836e-04
-3.774402793441156471e-04
-3.252118524315755223e-04
-2.778230327850708409e-04
-2.350682869683765584e-04
-1.967382326657775532e-04
-1.626195981457556866e-04
-1.324951962008069281e-04
-1.061439164974834994e-04
-8.334074174186147945e-05
-6.385679559961233423e-05
-4.745943503405262596e-05
-3.391240930093686269e-05
-2.297612911233482181e-05
-1.440814216050585210e-05
-7.964061229102659947e-06
-3.399712715344802862e-06
-4.778048693680284940e-07
