-1.686787947172641673e-03
-1.534102084211695421e-03
-1.389400196211726607e-03
-1.252537523301045473e-03
-1.123367263534489702e-03
-1.001740564504375632e-03
-8.875065284940367649e-04
-7.805122360915849999e-04
-6.806027950689598743e-04
-5.876214241094597675e-04
-5.014095851299347085e-04
-4.218071843275464534e-04
-3.486528721589581947e-04
-2.817844888803719330e-04
-2.210397300542810486e-04
-1.662571555078142850e-04
-1.172777566360143635e-04
-7.394747847811239849e-05
-3.612148383322721468e-05
-3.671881575590615875e-06
