-2.207213295312223430e-03
-2.044285265304863868e-03
-1.889165851440498776e-03
-1.741703386697756543e-03
-1.601743666254492205e-03
-1.469129871378879217e-03
-1.343702491476542627e-03
-1.225299244410304718e-03
-1.113754995259454931e-03
-1.008901673717191392e-03
-9.105681903824865229e-04
-8.185803522571500571e-04
-7.327607778254302019e-04
-6.529288121713674791e-04
-5.789004426763549134e-04
-5.104882159355688190e-04
-4.475011566526969960e-04
-3.897446893892389194e-04
-3.370205642016499675e-04
-2.891267873494446036e-04
-2.458575584507445111e-04
-2.070032156604023881e-04
-1.723501906832299361e-04
-1.416809757023559989e-04
-1.147741046222577253e-04
-9.140415142074555179e-05
-7.134174893412166259e-05
-5.435363218221551148e-05
-4.020271164541359716e-05
-2.864818437875552319e-05
-1.944569614478742597e-05
-1.234758059672741545e-05
-7.103237367406657708e-06
-3.459830464898443474e-06
-1.164012479154311031e-06
