-2.202502108097405004e-03
-2.039663825270858748e-03
-1.884635529649910041e-03
-1.737265593454953355e-03
-1.597399852304070200e-03
-1.464881529112982937e-03
-1.339551156144218888e-03
-1.221246495325089372e-03
-1.109802456997831515e-03
-1.005051017301332103e-03
-9.068211344407809196e-04
-8.149386641542132569e-04
-7.292262747550385185e-04
-6.495033622064218162e-04
-5.755859657716692196e-04
-5.072866848830896074e-04
-4.444145979935581721e-04
-3.867751842989735527e-04
-3.341702493744411889e-04
-2.863978559370138413e-04
-2.432522611386561716e-04
-2.045238620250351951e-04
-1.699991510543608563e-04
-1.394606838949838531e-04
-1.126870621232695146e-04
-8.945293399086680797e-05
-6.952901723459931820e-05
-5.268214921041985938e-05
-3.867537199858180508e-05
-2.726806489673270933e-05
-1.821614742635849129e-05
-1.127240308452752749e-05
-6.187053500646675676e-06
-2.708998228000512616e-06
-5.895776293311887090e-07
