-1.923305983561089064e-03
-1.765880033950266263e-03
-1.616351932533038665e-03
-1.474573053904562527e-03
-1.340392395989956683e-03
-1.213656519230136774e-03
-1.094209486746707894e-03
-9.818928063928744013e-04
-8.765453759090085150e-04
-7.780034328183256520e-04
-6.861005112872644056e-04
-6.006674090069422881e-04
-5.215321683486246526e-04
-4.485200778238216009e-04
-3.814537025480690046e-04
-3.201529565589627700e-04
-2.644352364648397727e-04
-2.141156468597089099e-04
-1.690073668066773612e-04
-1.289222407039986810e-04
-9.367174173444916174e-05
-6.306858866185358287e-05
-3.692959221788554887e-05
-1.508104595871251666e-05
