-1.998899693444076628e-03
-1.839989613906357164e-03
-1.688952239926502785e-03
-1.545637989303897362e-03
-1.409894839978590667e-03
-1.281568261544285868e-03
-1.160501146171824625e-03
-1.046533739408030128e-03
-9.395035714762064788e-04
-8.392453898990533297e-04
-7.455910945493992182e-04
-6.583696766093296649e-04
-5.774071634483986378e-04
-5.025265721818255671e-04
-4.335478757640608269e-04
-3.702879870958234419e-04
-3.125607691015383450e-04
-2.601770826335391708e-04
-2.129448903951654888e-04
-1.706694457702535026e-04
-1.331536143182136800e-04
-1.001984107381323946e-04
-7.160390338843294715e-05
-4.717078640100759028e-05
-2.670326832316765171e-05
-1.001486706807448723e-05
