-2.007578467204499794e-03
-1.848498910695240641e-03
-1.697289240808873972e-03
-1.553799772931513303e-03
-1.417878376409860116e-03
-1.289370405384675233e-03
-1.168118628903153620e-03
-1.053963160739009551e-03
-9.467413894989000055e-04
-8.462879097683976984e-04
-7.524344553182168993e-04
-6.650098357222307193e-04
-5.838398782267708795e-04
-5.087473773834447384e-04
-4.395520559336185858e-04
-3.760705418833743766e-04
-3.181163689012425221e-04
-2.655000105989479913e-04
-2.180289647986066411e-04
-1.755079131692696237e-04
-1.377389978496360511e-04
-1.045222865215469530e-04
-7.565655569034590621e-05
-5.094064449019250013e-05
-3.017591454475568937e-05
-1.317109374286161753e-05
