-1.836805884116995058e-03
-1.681096125279736434e-03
-1.533314342842300804e-03
-1.393313160306828115e-03
-1.260942920045160856e-03
-1.136051635852103510e-03
-1.018484949442059967e-03
-9.080860926772708116e-04
-8.046958579495250286e-04
-7.081525800231914559e-04
-6.182921339239638193e-04
-5.349479553117264530e-04
-4.579510925520522378e-04
-3.871303039427960772e-04
-3.223122202174716995e-04
-2.633216032599568625e-04
-2.099817501504848958e-04
-1.621151235834465112e-04
-1.195443486280538947e-04
-8.209383152340932026e-05
-4.959250155490710566e-05
-2.187875144802409863e-05
