-2.024420990224825613e-03
-1.865013066244318191e-03
-1.713469596998493626e-03
-1.569640703300670924e-03
-1.433374048517977025e-03
-1.304514768195672979e-03
-1.182905398725057899e-03
-1.068385805430372391e-03
-9.607931105603109484e-04
-8.599616218325585506e-04
-7.657227623915691854e-04
-6.779050033217958772e-04
-5.963338002535679451e-04
-5.208315361474346369e-04
-4.512174731255503613e-04
-3.873077173706079412e-04
-3.289152028329078497e-04
-2.758497021444710319e-04
-2.279178773780956657e-04
-1.849233902843031713e-04
-1.466671036733972430e-04
-1.129474273187205979e-04
-8.356090317508820496e-05
-5.830320932112310488e-05
-3.697095036138750698e-05
-1.936507095885879251e-05
-5.298093923435925738e-06
