-2.111008635481125342e-03
-1.949923427454535634e-03
-1.796675531817088162e-03
-1.651114151880322522e-03
-1.513085986230212465e-03
-1.382435154114444297e-03
-1.259003119137040586e-03
-1.142628611431960317e-03
-1.033147548541608939e-03
-9.303929552917982945e-04
-8.341948830462818376e-04
-7.443803288226647332e-04
-6.607731548941176303e-04
-5.831940096721493529e-04
-5.114602508998950837e-04
-4.453858724945463027e-04
-3.847814367990735288e-04
-3.294540146088747318e-04
-2.792071362082734049e-04
-2.338407579622483285e-04
-1.931512510590092696e-04
-1.569314223165720046e-04
-1.249705826044194515e-04
-9.705468847778333835e-05
-7.296660157659500857e-05
-5.248654856117625228e-05
-3.539294796560632462e-05
-2.146397327811891376e-05
-1.048078843580508212e-05
-2.235340385582724652e-06
