-1.848212175368981174e-03
-1.692274992455847660e-03
-1.544261726686107453e-03
-1.404024826802212009e-03
-1.271414446242613398e-03
-1.146278393610112526e-03
-1.028462086604269281e-03
-9.178085110622160843e-04
-8.141581873318882220e-04
-7.173491470044434954e-04
-6.272169241917356121e-04
-5.435945672112737180e-04
-4.663126790389620800e-04
-3.951994986895463586e-04
-3.300810416226372212e-04
-2.707813268515267416e-04
-2.171227344274455481e-04
-1.689265648186752985e-04
-1.260139226188975825e-04
-8.820714578622090895e-05
-5.533220784544227804e-05
-2.722299361564386902e-05
-3.729580671528534710e-06
