-2.154898617816819548e-03
-1.992970024858826527e-03
-1.838865468232129359e-03
-1.692433735817445951e-03
-1.553521093363546910e-03
-1.421971208828956687e-03
-1.297625074886176854e-03
-1.180320929725992701e-03
-1.069894176330985890e-03
-9.661773004434445668e-04
-8.689997875103779457e-04
-7.781880389594042491e-04
-6.935652882465299885e-04
-6.149515172193111912e-04
-5.421633734693558299e-04
-4.750140895012709263e-04
-4.133134047511623872e-04
-3.568674917372691461e-04
-3.054788879698831479e-04
-2.589464357061555867e-04
-2.170652322933468127e-04
-1.796265948120332368e-04
-1.464180442339949864e-04
-1.172233167588931620e-04
-9.182241421486825913e-05
-6.999171312031311374e-05
-5.150416706061509769e-05
-3.612966875821995691e-05
-2.363571155526981071e-05
-1.378868111147484878e-05
-6.356695764344465367e-06
-1.117253417793083919e-06
