-2.056042668503130135e-03
-1.896020109634874960e-03
-1.743851943100953490e-03
-1.599387938916970505e-03
-1.462475390256097376e-03
-1.332959041156897648e-03
-1.210681012927488634e-03
-1.095480729519582135e-03
-9.871948422375893990e-04
-8.856571542607541078e-04
-7.906985456080607363e-04
-7.021468993688633007e-04
-6.198270303015233212e-04
-5.435606172523488495e-04
-4.731661413689750278e-04
-4.084588328054935104e-04
-3.492506296826256539e-04
-2.953501546695626355e-04
-2.465627170398342212e-04
-2.026903520403223211e-04
-1.635319160614987551e-04
-1.288832676586850845e-04
-9.853758563637768516e-05
-7.228591648616749155e-05
-4.991812919504690527e-05
-3.122465143936898528e-05
-1.599986674972978949e-05
-4.049599116778026782e-06
