-2.134340758517802583e-03
-1.972806641467205000e-03
-1.819102739950999737e-03
-1.673078032475942226e-03
-1.534578983061205340e-03
-1.403449465987123210e-03
-1.279530688760120195e-03
-1.162661113437486130e-03
-1.052676376507453906e-03
-9.494092075718490488e-04
-8.526893471505937608e-04
-7.623434640108130243e-04
-6.781950725283796043e-04
-6.000644507186202832e-04
-5.277685597445602381e-04
-4.611209659161569305e-04
-3.999317664850790370e-04
-3.440075209149235161e-04
-2.931511898409220208e-04
-2.471620846978026887e-04
-2.058358321397590332e-04
-1.689643591609769099e-04
-1.363359077323843640e-04
-1.077350927454748719e-04
-8.294302603394159920e-05
-6.173754646762151532e-05
-4.389363158487905628e-05
-2.918414589861466563e-05
-1.738128101493035545e-05
-8.259627457372323124e-06
-1.603970964166313793e-06
