-1.764822020267650497e-03
-1.610555538144379595e-03
-1.464243282702510762e-03
-1.325739056295302662e-03
-1.194894481910612708e-03
-1.071558971548978870e-03
-9.555797022972572618e-04
-8.468016030654861113e-04
-7.450673560469626110e-04
-6.502174185302423901e-04
-5.620900729776589708e-04
-4.805215167183213721e-04
-4.053460078520025817e-04
-3.363960922344804523e-04
-2.735029498674846466e-04
-2.164969217050500606e-04
-1.652083178541547206e-04
-1.194686822566868982e-04
-7.911283530439941773e-05
-4.398232857817793788e-05
-1.393168605972931177e-05
