-2.209307337773453502e-03
-2.046339432881369956e-03
-1.891179535821017757e-03
-1.743675962236055461e-03
-1.603674489449342846e-03
-1.471018280352890794e-03
-1.345547805454460179e-03
-1.227100763203767177e-03
-1.115511998756527588e-03
-1.010613421384150929e-03
-9.122339207797904460e-04
-8.201992825753028635e-04
-7.343321034438115430e-04
-6.544517062455422040e-04
-5.803740557567406248e-04
-5.119116756229465711e-04
-4.488735672885614731e-04
-3.910651317840061901e-04
-3.382880953910888649e-04
-2.903404403695539074e-04
-2.470163421047539979e-04
-2.081061142368781250e-04
-1.733961635539716945e-04
-1.426689566846624897e-04
-1.157030009152152777e-04
-9.227284180141991207e-05
-7.214908068654685689e-05
-5.509841584757247529e-05
-4.088371196242892094e-05
-2.926410434546080274e-05
-1.999514804387368325e-05
-1.282903052941143228e-05
-7.514890260743592931e-06
-3.799359528171792824e-06
-1.427765933928111679e-06
-1.485112480990095209e-07
