-1.859449140977525658e-03
-1.703288245694605137e-03
-1.555047294680529700e-03
-1.414578567591207427e-03
-1.281732035306807444e-03
-1.156355308444369841e-03
-1.038293588894065051e-03
-9.273896258908706329e-04
-8.234836786536559126e-04
-7.264134883729352716e-04
-6.360142633639927906e-04
-5.521186827243400493e-04
-4.745569260839947560e-04
-4.031567404377668726e-04
-3.377435603454023976e-04
-2.781407062721278755e-04
-2.241696999213705103e-04
-1.756507597338239344e-04
-1.324035837605361796e-04
-9.424861157427109361e-05
-6.100913064325357829e-05
-3.251498368534987160e-05
-8.609625065416200108e-06
