-2.032584501876715140e-03
-1.873017669492524611e-03
-1.721312677242987400e-03
-1.577319553584197783e-03
-1.440885864272796382e-03
-1.311856641449330200e-03
-1.190074311669007175e-03
-1.075378623220656169e-03
-9.676065731893683432e-04
-8.665923348572272464e-04
-7.721671862390034214e-04
-6.841594408024446149e-04
-6.023943817818447647e-04
-5.266942019883470239e-04
-4.568779517241084408e-04
-3.927614984299398343e-04
-3.341575032266111715e-04
-2.808754218458328253e-04
-2.327215411594462714e-04
-1.894990685882719261e-04
-1.510083020432093472e-04
-1.170469265834132313e-04
-8.741051894676531218e-05
-6.189341159670214067e-05
-4.029022211718051940e-05
-2.239872888641130852e-05
-8.025829499294615693e-06
