-2.204944875322378730e-03
-2.042060051959302801e-03
-1.886984504471570390e-03
-1.739566584691156501e-03
-1.599652107220432854e-03
-1.467084273328745931e-03
-1.341703592997497974e-03
-1.223347805239539607e-03
-1.111851796851511063e-03
-1.007047519803897905e-03
-9.087639075182159980e-04
-8.168267903487125715e-04
-7.310588106404897722e-04
-6.512793378234282447e-04
-5.773043840814498593e-04
-5.089465212420303617e-04
-4.460147996416533511e-04
-3.883146698538711113e-04
-3.356479083139332436e-04
-2.878125480368426067e-04
-2.446028158179283088e-04
-2.058090775162046851e-04
-1.712177932693484405e-04
-1.406114847809211482e-04
-1.137687171759217707e-04
-9.046409838239991680e-05
-7.046829964529749695e-05
-5.354810178786773575e-05
-3.946647359639304380e-05
-2.798269215472646532e-05
-1.885252253602726338e-05
-1.182849305013767028e-05
-6.660355907926784528e-06
-3.096008630295671939e-06
-8.840189272335253652e-07
