-1.789490903077091974e-03
-1.634728235244365009e-03
-1.487910673049461490e-03
-1.348891599676585147e-03
-1.217522181572762863e-03
-1.093651330856471732e-03
-9.771256739802721119e-04
-8.677895291562229578e-04
-7.654848959608917189e-04
-6.700514618339797630e-04
-5.813266320666877910e-04
-4.991455926658006515e-04
-4.233414197231698869e-04
-3.537452555293290691e-04
-2.901865822905317673e-04
-2.324936419868870569e-04
-1.804940815266654474e-04
-1.340159580449233926e-04
-9.288934654319134403e-05
-5.694901450390177535e-05
-2.603913364129072777e-05
-2.229883246436948751e-08
