-1.892142433833484631e-03
-1.735332539826588616e-03
-1.586431176461441939e-03
-1.445290148402487030e-03
-1.311758914991241736e-03
-1.185684533623201399e-03
-1.066911605008252729e-03
-9.552822214821229041e-04
-8.506359199471528283e-04
-7.528096415692854450e-04
-6.616377011446974987e-04
-5.769517701716890372e-04
-4.985808793025346339e-04
-4.263514483068274225e-04
-3.600873554300174323e-04
-2.996100639616348297e-04
-2.447388334555458309e-04
-1.952910593312537206e-04
-1.510828132740808663e-04
-1.119297101405043217e-04
-7.764833237750350342e-05
-4.805866799933232827e-05
-2.298855014627851947e-05
-2.282529116365186305e-06
