-1.971834806316429857e-03
-1.813454443010751715e-03
-1.662955664470195478e-03
-1.520189217490435733e-03
-1.385003429654123796e-03
-1.257244143216930312e-03
-1.136754648871887881e-03
-1.023375619994043280e-03
-9.169450481585483944e-04
-8.172981809934228795e-04
-7.242674637999717453e-04
-6.376824868710549580e-04
-5.573699411613802172e-04
-4.831535859948404886e-04
-4.148542340229376753e-04
-3.522897609451477010e-04
-2.952751510866311697e-04
-2.436225956527171251e-04
-1.971416699844134228e-04
-1.556396325627213925e-04
-1.189219182659538576e-04
-8.679295548171820556e-05
-5.905755414113836511e-05
-3.552337577232570962e-05
-1.600566364212696342e-05
-3.373969013690913495e-07
