-2.176687882669604574e-03
-2.014342255795617456e-03
-1.859814190150819568e-03
-1.712952278975861733e-03
-1.573602586212505521e-03
-1.441608570558666758e-03
-1.316811007665865101e-03
-1.199047910599749427e-03
-1.088154448731731058e-03
-9.839628652620877915e-04
-8.863023936431194561e-04
-7.949991732199215974e-04
-7.098761644907134946e-04
-6.307530644674598638e-04
-5.574462227266084938e-04
-4.897685588539856753e-04
-4.275294821404255715e-04
-3.705348145554417062e-04
-3.185867182441112018e-04
-2.714836290664188992e-04
-2.290201980510419828e-04
-1.909872431150897386e-04
-1.571717140814639932e-04
-1.273566750420993584e-04
-1.013213097377879094e-04
-7.884095838009434396e-05
-5.968719935912339316e-05
-4.362799911290326480e-05
-3.042797434483319411e-05
-1.984885976149621293e-05
-1.165040419971229030e-05
-5.592324432799795106e-06
-1.439600623795111293e-06
