-1.902700462057189176e-03
-1.745681572143659502e-03
-1.596567572423967076e-03
-1.455210119425289720e-03
-1.321458513360808905e-03
-1.195159640014701067e-03
-1.076157914182188612e-03
-9.642952257420778044e-04
-8.594108898086125475e-04
-7.613416029101788274e-04
-6.699214078575218157e-04
-5.849816709781500371e-04
-5.063510768729607330e-04
-4.338556480499276575e-04
-3.673188001438566037e-04
-3.065614486915430210e-04
-2.514021919314275277e-04
-2.016576083558228275e-04
-1.571427326738291665e-04
-1.176718196700682752e-04
-8.305959489946819355e-05
-5.312337936204851528e-05
-2.768691108553618992e-05
-6.587834673995275301e-06
