-1.700211993160175277e-03
-1.547253006904520745e-03
-1.402272778600676967e-03
-1.265126288416284876e-03
-1.135666448629896056e-03
-1.013744090730215458e-03
-8.992079648991280032e-04
-7.919047563948195673e-04
-6.916791250799699843e-04
-5.983737768639494975e-04
-5.118295795903215865e-04
-4.318857416542134283e-04
-3.583800806625256981e-04
-2.911494240765402555e-04
-2.300302083414120663e-04
-1.748593860543720918e-04
-1.254758300827506917e-04
-8.172257918428312235e-05
-4.345059943083053972e-05
-1.052550779555842666e-05
