-2.184186205900735984e-03
-2.021697318656833810e-03
-1.867023781815875918e-03
-1.720014123362398166e-03
-1.580514339729003487e-03
-1.448367819789396840e-03
-1.323415266986632116e-03
-1.205494619726711668e-03
-1.094440970192568554e-03
-9.900864817871590437e-04
-8.922603054607303576e-04
-8.007884952403612842e-04
-7.154939233504769040e-04
-6.361961953955908803e-04
-5.627115661735308284e-04
-4.948528568007221117e-04
-4.324293739632846176e-04
-3.752468322678246225e-04
-3.231072808521423187e-04
-2.758090356520227445e-04
-2.331466190046353575e-04
-1.949107086495173924e-04
-1.608880986937241274e-04
-1.308616758367910917e-04
-1.046104152603521899e-04
-8.190940240079046882e-05
-6.252989001026234466e-05
-4.623940596484971111e-05
-3.280193974685598874e-05
-2.197826371586598351e-05
-1.352651656080690470e-05
-7.203385325749747355e-06
-2.766983487814995900e-06
