-2.123021175869371259e-03
-1.961704687209222565e-03
-1.808221845908874678e-03
-1.662421738401355983e-03
-1.524150941219804076e-03
-1.393253446033903935e-03
-1.269570582937985456e-03
-1.152940942154482770e-03
-1.043200294353361333e-03
-9.401815098618929428e-04
-8.437144771062561610e-04
-7.536260207250184600e-04
-6.697398199123887758e-04
-5.918763276982451360e-04
-5.198526920689635613e-04
-4.534826800854178377e-04
-3.925766065000286425e-04
-3.369412688523448448e-04
-2.863798916977653396e-04
-2.406920836265363654e-04
-1.996738122539030102e-04
-1.631174048018245513e-04
-1.308115859354007219e-04
-1.025415715955949725e-04
-7.808925062074167944e-05
-5.723351160547984903e-05
-3.975082683392995413e-05
-2.541633183637972989e-05
-1.400597340833459275e-05
-5.301350700516125198e-06
