-1.943229797143874657e-03
-1.785411286192735945e-03
-1.635483892372422993e-03
-1.493298726496300509e-03
-1.358704504349371586e-03
-1.231547483527005264e-03
-1.111671400758230044e-03
-9.989174104804484505e-04
-8.931240256954592381e-04
-7.941270624761296790e-04
-7.017595899903809192e-04
-6.158518885789856156e-04
-5.362314194080267235e-04
-4.627228106407409950e-04
-3.951478672080246729e-04
-3.333256145322479897e-04
-2.770723917346901025e-04
-2.262020182991558920e-04
-1.805260724778300248e-04
-1.398543450842469507e-04
-1.039955796475429596e-04
-7.275870406254143264e-05
-4.595496164637954576e-05
-2.340183349927593432e-05
-4.930973270833929889e-06
