-2.139740495973273954e-03
-1.978102670223349721e-03
-1.824293430328709567e-03
-1.678161704058326025e-03
-1.539553902601820904e-03
-1.408313845195097516e-03
-1.284282681950786511e-03
-1.167298815024330567e-03
-1.057197818311906689e-03
-9.538123559160714172e-04
-8.569720996874918839e-04
-7.665036462331021629e-04
-6.822304338742700945e-04
-6.039726601686279178e-04
-5.315472007565167148e-04
-4.647675304962655589e-04
-4.034436481035414486e-04
-3.473820058587519352e-04
-2.963854464148582340e-04
-2.502531494105246198e-04
-2.087805915893243657e-04
-1.717595256499297588e-04
-1.389779855217126124e-04
-1.102203299255141396e-04
-8.526734352385538019e-05
-6.389642907077932633e-05
-4.588195262177094613e-05
-3.099586713439342095e-05
-1.900889509168114525e-05
-9.692990428647327772e-06
-2.827336225953300459e-06
