-2.212972180663085302e-03
-2.049934513579785254e-03
-1.894703791334970393e-03
-1.747128299392148578e-03
-1.607053784001746550e-03
-1.474323376093569522e-03
-1.348777513327407279e-03
-1.230253860429502766e-03
-1.118587227974845695e-03
-1.013609489821490177e-03
-9.151494994489668602e-04
-8.230330055180101268e-04
-7.370825670244295948e-04
-6.571174685075036569e-04
-5.829536358504827133e-04
-5.144035533167969770e-04
-4.512761825695785082e-04
-3.933768845551840056e-04
-3.405073452648049032e-04
-2.924655065490562806e-04
-2.490455033310347678e-04
-2.100376087559122377e-04
-1.752281890226733919e-04
-1.443996698755144312e-04
-1.173305169836629680e-04
-9.379523272067063447e-05
-7.356437217811726621e-05
-5.640458164821979980e-05
-4.207866335395629123e-05
-3.034567107569586896e-05
-2.096104296581541621e-05
-1.367678150398277971e-05
-8.241700058454637530e-06
-4.401784668605817246e-06
-1.900830511130075153e-06
-4.821118824492169536e-07
