-1.801572768796500185e-03
-1.646567690446099422e-03
-1.499503298645028966e-03
-1.360232777153505893e-03
-1.228607075663053563e-03
-1.104474869499236104e-03
-9.876825249297304689e-04
-8.780740723913014589e-04
-7.754911907644468881e-04
-6.797732070167676046e-04
-5.907571172291400463e-04
-5.082776375507671836e-04
-4.321672974364542752e-04
-3.622565934296901355e-04
-2.983742312099870418e-04
-2.403474992298674823e-04
-1.880028441218300995e-04
-1.411667664187607550e-04
-9.966724731991502887e-05
-6.333610552784506634e-05
-3.201310318831607996e-05
-5.553672591395109604e-06
