-2.194128061219977055e-03
-2.031449427199950603e-03
-1.876583225938224103e-03
-1.729377900234378837e-03
-1.589679358517908161e-03
-1.457330898777331810e-03
-1.332173130631892754e-03
-1.214043895668003459e-03
-1.102778186197304975e-03
-9.982080626437547614e-04
-9.001625698086650196e-04
-8.084676523302347477e-04
-7.229460697177915712e-04
-6.434173114188009805e-04
-5.696975124739724148e-04
-5.015993704134219739e-04
-4.389320641760234955e-04
-3.815011759682993041e-04
-3.291086171474079326e-04
-2.815525594039337831e-04
-2.386273727457722269e-04
-2.001235720667289704e-04
-1.658277744292154540e-04
-1.355226696536386739e-04
-1.089870074512755367e-04
-8.599560531131781259e-05
-6.631938294674857089e-05
-4.972543195269778135e-05
-3.597713489794519527e-05
-2.483436001003644378e-05
-1.605378604400621481e-05
-9.389488814286129349e-06
-4.594167934758647528e-06
-1.422428142877868278e-06
