-2.098303795516500043e-03
-1.937463568184684144e-03
-1.784464555630796293e-03
-1.639156087452162168e-03
-1.501384994340621047e-03
-1.370995533900521953e-03
-1.247829314841117365e-03
-1.131725219735239645e-03
-1.022519326587705826e-03
-9.200448295470969916e-04
-8.241319591770539460e-04
-7.346079028356797746e-04
-6.512967258637459471e-04
-5.740192944951161670e-04
-5.025932016765174634e-04
-4.368326973656023928e-04
-3.765486254051161365e-04
-3.215483698345349638e-04
-2.716358146268560946e-04
-2.266113225690482029e-04
-1.862717417456375465e-04
-1.504104526226657387e-04
-1.188174765683864360e-04
-9.127968091052543736e-05
-6.758114316038110790e-05
-4.750379408650444695e-05
-3.082858851435871629e-05
-1.733778113204806912e-05
-6.819865367066793594e-06
