-2.220826565695448781e-03
-2.057639488886723635e-03
-1.902257085702680275e-03
-1.754527577595925815e-03
-1.614296644978789001e-03
-1.481407351126666060e-03
-1.355700064254230673e-03
-1.237012377891142214e-03
-1.125179029722735364e-03
-1.020031819099886028e-03
-9.213995234796849929e-04
-8.291078141088824554e-04
-7.429791713332831215e-04
-6.628327999925966076e-04
-5.884845454440215586e-04
-5.197468108581230171e-04
-4.564284765409368531e-04
-3.983348221616356179e-04
-3.452674529006921687e-04
-2.970242306910256974e-04
-2.533992118899219674e-04
-2.141825929042029376e-04
-1.791606654909335859e-04
-1.481157836641364730e-04
-1.208263443616540856e-04
-9.706678425410319598e-05
-7.660759530873128610e-05
-5.921536194687755450e-05
-4.465282284691384830e-05
-3.267896063459643416e-05
-2.304912285730613836e-05
-1.551517774646282184e-05
-9.825708325414051121e-06
-5.726248425459712863e-06
-2.959564199973338105e-06
-1.265985097273353068e-06
-3.837906829120824934e-07
-4.967733774040188888e-08
