-2.180524054226706549e-03
-2.018105118643300985e-03
-1.863502612113130969e-03
-1.716565094382014548e-03
-1.577138594731238280e-03
-1.445066535998651338e-03
-1.320189656736757899e-03
-1.202345931638171186e-03
-1.091370490382409303e-03
-9.870955351143737184e-04
-8.893502568131782682e-04
-7.979607508690265798e-04
-7.127499322649284924e-04
-6.335374508350084203e-04
-5.601396071814356351e-04
-4.923692699397600944e-04
-4.300357952247016793e-04
-3.729449492578907699e-04
-3.208988353736846313e-04
-2.736958268557414969e-04
-2.311305073743748456e-04
-1.929936212146470518e-04
-1.590720360757486821e-04
-1.291487220777649760e-04
-1.030027519528194427e-04
-8.040932963424415804e-05
-6.113985845961782996e-05
-4.496206793084675990e-05
-3.164023414843083028e-05
-2.093556624752518922e-05
-1.260692737413810188e-05
-6.412349938463333894e-06
-2.112922164179291529e-06
