-2.128767626477920914e-03
-1.967340619958920719e-03
-1.813745515985053800e-03
-1.667831345933442309e-03
-1.529444628918591714e-03
-1.398429296677126954e-03
-1.274626616683872211e-03
-1.157875113656187593e-03
-1.048010489640088284e-03
-9.448655429404042520e-04
-8.482700862236955365e-04
-7.580508642142432668e-04
-6.740314715154992371e-04
-5.960322712254733160e-04
-5.238703151982739047e-04
-4.573592670342523049e-04
-3.963093291949701825e-04
-3.405271760607419141e-04
-2.898158953527168427e-04
-2.439749412121480613e-04
-2.028001035522291793e-04
-1.660835003822760080e-04
-1.336136032340609116e-04
-1.051753117548306996e-04
-8.055010435832590159e-05
-5.951631285059387803e-05
-4.184961286129684597e-05
-2.732392232131336090e-05
-1.571315841374985411e-05
-6.795085231502714755e-06
-3.615371354120887055e-07
