-1.981027735952348330e-03
-1.822467243351501634e-03
-1.671785304476520453e-03
-1.528832552722221658e-03
-1.393457195020201883e-03
-1.265504944873846894e-03
-1.144818955104062166e-03
-1.031239750855183785e-03
-9.246051635924190182e-04
-8.247502670693836061e-04
-7.315073165734515366e-04
-6.447056932171310248e-04
-5.641718556925277156e-04
-4.897293028353159059e-04
-4.211985517061985905e-04
-3.583971379519055862e-04
-3.011396483679032758e-04
-2.492378006260879139e-04
-2.025005934273318401e-04
-1.607345645682342269e-04
-1.237442199559400853e-04
-9.133274506867404693e-05
-6.330320870026145920e-05
-3.946068592525013677e-05
-1.961626245275182928e-05
-3.595420363906236511e-06
