-2.199885026280397077e-03
-2.037096620182825626e-03
-1.882118964409397726e-03
-1.734800453123847355e-03
-1.594986944571100650e-03
-1.462521684984825635e-03
-1.337245230640328594e-03
-1.218995368176325859e-03
-1.107607033342481589e-03
-1.002912228380480010e-03
-9.047399382852321700e-04
-8.129160462639569741e-04
-7.272632487673733655e-04
-6.476009705534117476e-04
-5.737452803249151528e-04
-5.055088075927010455e-04
-4.427006615278580729e-04
-3.851263527000546669e-04
-3.325877187580584616e-04
-2.848828552758156927e-04
-2.418060532002409065e-04
-2.031477445692973153e-04
-1.686944584599784443e-04
-1.382287894803504026e-04
-1.115293815890159961e-04
-8.837093068072624760e-05
-6.852421038361306081e-05
-5.175612721124497336e-05
-3.782981437780064842e-05
-2.650478011332254853e-05
-1.753714127695727386e-05
-1.068001174102416283e-05
-5.684231555838832763e-06
-2.300061036803786743e-06
-2.828922405922572819e-07
