-2.190988255052880342e-03
-2.028369521825844173e-03
-1.873564141125030587e-03
-1.726420582488528976e-03
-1.586784781955034081e-03
-1.454500066008560877e-03
-1.329407073665810762e-03
-1.211343676824962103e-03
-1.100144899037130714e-03
-9.956428329042103700e-04
-8.976665563563616772e-04
-8.060420481237577780e-04
-7.205921027867113679e-04
-6.411362458644052735e-04
-5.674906495013714441e-04
-4.994680494128172447e-04
-4.368776638779880766e-04
-3.795251157145244653e-04
-3.272123583392853386e-04
-2.797376072213049849e-04
-2.368952782805925673e-04
-1.984759350874105109e-04
-1.642662471128854816e-04
-1.340489618102654935e-04
-1.076028940780582294e-04
-8.470293784884468937e-05
-6.512010655924611380e-05
-4.862161293146673131e-05
-3.497100581613019846e-05
-2.392839782838775776e-05
-1.525085630274989865e-05
-8.693137655822483971e-06
-4.009304001220956482e-06
-9.573697386764937209e-07
