-2.077950013161558931e-03
-1.917503056882196959e-03
-1.764903623862664177e-03
-1.620001251852227478e-03
-1.482642989790027227e-03
-1.352673324442258632e-03
-1.229934105549479982e-03
-1.114264469710930967e-03
-1.005500763297747808e-03
-9.034764647921041721e-04
-8.080221070570651814e-04
-7.189652002008274992e-04
-6.361301559020798163e-04
-5.593382143379591010e-04
-4.884073752253817458e-04
-4.231523350127082113e-04
-3.633844330049266352e-04
-3.089116103070269049e-04
-2.595383871413207586e-04
-2.150658667161114122e-04
-1.752917780931378261e-04
-1.400105777353176579e-04
-1.090136422878947801e-04
-8.208960929258454537e-05
-5.902497090019048136e-05
-3.960513054899354247e-05
-2.361638462055567253e-05
-1.084998665433690350e-05
-1.111805542781124972e-06
