-2.218208263147295779e-03
-2.055070977368311704e-03
-1.899739121283372783e-03
-1.752060937581474643e-03
-1.611882128509132617e-03
-1.479045779767056926e-03
-1.353392282575518243e-03
-1.234759254035395354e-03
-1.122981455946199959e-03
-1.017890712286512352e-03
-9.193158256167925733e-04
-8.270824927158926428e-04
-7.410132198324556260e-04
-6.609272380091904368e-04
-5.866404190224391770e-04
-5.179651925784876671e-04
-4.547104655193666412e-04
-3.966815439150139051e-04
-3.436800590559674351e-04
-2.955038985172688546e-04
-2.519471436307672515e-04
-2.128000148887732880e-04
-1.778488270006829772e-04
-1.468759555389113750e-04
-1.196598173338586619e-04
-9.597486701343290372e-05
-7.559161232432498113e-05
-5.827665111687285716e-05
-4.379273312569630322e-05
-3.189884994108085274e-05
-2.235035687614976747e-05
-1.489913090178783844e-05
-9.293769785437142527e-06
-5.279840201468591620e-06
-2.600191556262200715e-06
-9.953917191260414244e-07
-2.046067836006912625e-07
