-2.117101485200174882e-03
-1.955898927411144593e-03
-1.802531820093351096e-03
-1.656849306972510080e-03
-1.518698024384895111e-03
-1.387922026479337803e-03
-1.264362708699827333e-03
-1.147858729708811686e-03
-1.038245931971592487e-03
-9.353572612800000732e-04
-8.390226855761210786e-04
-7.490691135369402596e-04
-6.653203135097228004e-04
-5.875968335451803781e-04
-5.157159234910937409e-04
-4.494914603893840560e-04
-3.887338787988984991e-04
-3.332501082042636873e-04
-2.828435204349295426e-04
-2.373138911672656969e-04
-1.964573813474574705e-04
-1.600665472161404243e-04
-1.279303923942965565e-04
-9.983448392042264773e-05
-7.556116985846398151e-05
-5.488996740773740960e-05
-3.759825784485263485e-05
-2.346258481210018113e-05
-1.226128685265668938e-05
-3.780620470834346715e-06
