-2.197093664869187706e-03
-2.034358474161487417e-03
-1.879434848888854748e-03
-1.732171206734437526e-03
-1.592413430205624801e-03
-1.460004790550052060e-03
-1.334785869818768452e-03
-1.216594481190590941e-03
-1.105265587725563119e-03
-1.000631219743758002e-03
-9.025203910876984387e-04
-8.107590145771810227e-04
-7.251698170374418348e-04
-6.455722543594344127e-04
-5.717824271387725484e-04
-5.036129975464580504e-04
-4.408731082021344187e-04
-3.833683039568402538e-04
-3.309004576519286350e-04
-2.832677011029436287e-04
-2.402643627724593051e-04
-2.016809138516565455e-04
-1.673039247865580354e-04
-1.369160346867706016e-04
-1.102959366017684323e-04
-8.721838244593378578e-05
-6.745421261838122941e-05
-5.077041756624543257e-05
-3.693024274884911212e-05
-2.569335732362397679e-05
-1.681612757781975108e-05
-1.005209083955398939e-05
-5.152895573580241464e-06
-1.870645691025957085e-06
