-2.084907354557426814e-03
-1.924325858959290581e-03
-1.771589722350414139e-03
-1.626548410512218632e-03
-1.489048896855684314e-03
-1.358935588761178183e-03
-1.236050252377151118e-03
-1.120231936090769747e-03
-1.011316892950507541e-03
-9.091385024051128281e-04
-8.135271918382723511e-04
-7.243103585168847273e-04
-6.413122927587451994e-04
-5.643541033743219989e-04
-4.932536467766226312e-04
-4.278254616176591953e-04
-3.678807114810446607e-04
-3.132271391281208229e-04
-2.636690372659489115e-04
-2.190072430810961984e-04
-1.790391674703956560e-04
-1.435588760903138035e-04
-1.123572502555495275e-04
-8.522227597275878336e-05
-6.193954944803804308e-05
-4.229317291338347776e-05
-2.606741581501491366e-05
-1.305005558217200848e-05
-3.040055389246781542e-06
