-2.214542932219229661e-03
-2.051475374394113888e-03
-1.896214306443040881e-03
-1.748608000954364212e-03
-1.608502190930578791e-03
-1.475739993679059609e-03
-1.350161832868012083e-03
-1.231605358868385295e-03
-1.119905367545406902e-03
-1.014893717705421354e-03
-9.163992474523856551e-04
-8.242476897671757339e-04
-7.382615876891818630e-04
-6.582602095551620984e-04
-5.840594648378336431e-04
-5.154718212237992345e-04
-4.523062236833904704e-04
-3.943680164069789411e-04
-3.414588686254286338e-04
-2.933767054836488534e-04
-2.499156453119779752e-04
-2.108659448243013648e-04
-1.760139539797869138e-04
-1.451420824675366385e-04
-1.180287800141227117e-04
-9.444853297746229543e-05
-7.417187998016187757e-05
-5.696544967025217281e-05
-4.259202411988064125e-05
-3.081063198602019583e-05
-2.137667663507784898e-05
-1.404210672081384748e-05
-8.555642481481955103e-06
-4.663088299537142018e-06
-2.107825536957301234e-06
-6.318995247676291217e-07
