-2.104742710236250612e-03
-1.943778276938267630e-03
-1.790653077282093174e-03
-1.645216376516828909e-03
-1.507314937990408919e-03
-1.376792948743098786e-03
-1.253491943437299661e-03
-1.137250726809404134e-03
-1.027905294874110337e-03
-9.252887551962268647e-04
-8.292312466248703091e-04
-7.395598590061003936e-04
-6.560985535330190414e-04
-5.786680845844785915e-04
-5.070859241562002432e-04
-4.411661903302706387e-04
-3.807195817030371507e-04
-3.255533203674832116e-04
-2.754711070380870042e-04
-2.302730934096227516e-04
-1.897558792142282251e-04
-1.537125453166999394e-04
-1.219327408406885977e-04
-9.420285428694896506e-05
-7.030632144577548864e-05
-5.002416958540863037e-05
-3.313600124486332552e-05
-1.942187871444512259e-05
-8.666313771303850642e-06
-6.682580218932089459e-07
