-2.016085606186140272e-03
-1.856840104551964535e-03
-1.705461739545248954e-03
-1.561800727589675048e-03
-1.425704833212949017e-03
-1.297019299250708147e-03
-1.175586776208776239e-03
-1.061247251181230518e-03
-9.538379768547160633e-04
-8.531934012996655100e-04
-7.591450994804608936e-04
-6.715217077308329331e-04
-5.901488628722159277e-04
-5.148491482633475117e-04
-4.454420499442018184e-04
-3.817439273270161544e-04
-3.235680048299625911e-04
-2.707243938708990224e-04
-2.230201594792810072e-04
-1.802594538449601720e-04
-1.422437530932950953e-04
-1.087722590228054506e-04
-7.964257664677666887e-05
-5.465188012232896202e-05
-3.359901026775272067e-05
-1.628853553099992400e-05
-2.539585145572143660e-06
