-2.150019495457431568e-03
-1.988184436777542131e-03
-1.834174874781027177e-03
-1.687839641969984122e-03
-1.549025050450163676e-03
-1.417574816356043099e-03
-1.293329982450312689e-03
-1.176128839032495200e-03
-1.065806843334834780e-03
-9.621965376331258592e-04
-8.651274663612700628e-04
-7.744260925966739689e-04
-6.899157143664784442e-04
-6.114163813409840068e-04
-5.387448126103277319e-04
-4.717143164152400687e-04
-4.101347129125763446e-04
-3.538122613418356573e-04
-3.025495933360367084e-04
-2.561456546379358139e-04
-2.143956582392544539e-04
-1.770910530818040507e-04
-1.440195142348001188e-04
-1.149649633854546145e-04
-8.970763358325489864e-05
-6.802420161961541015e-05
-4.968803009693858878e-05
-3.446960118137445571e-05
-2.213731813081105026e-05
-1.245910221786142378e-05
-5.206016526152805403e-06
-1.625728729473373926e-07
