-2.172677742857728918e-03
-2.010408785411612470e-03
-1.855958575205014695e-03
-1.709175740738071853e-03
-1.569906382460534849e-03
-1.437993996868448506e-03
-1.313279398745826818e-03
-1.195600641672104995e-03
-1.084792936965187950e-03
-9.806885712638204952e-04
-8.831168230172107853e-04
-7.919038782092683790e-04
-7.068727457188155733e-04
-6.278431728109450235e-04
-5.546315613553078148e-04
-4.870508854991561446e-04
-4.249106116711525534e-04
-3.680166219827612291e-04
-3.161711423251174768e-04
-2.691726767616069637e-04
-2.268159502089273321e-04
-1.888918619504035537e-04
-1.551874533126960725e-04
-1.254858940500583472e-04
-9.956649394147681974e-05
-7.720474950141737922e-05
-5.817244197848903635e-05
-4.223781529501316457e-05
-2.916588953944216644e-05
-1.871902998565734381e-05
-1.065806641245133578e-05
-4.744826573207897057e-06
-7.494278721627539576e-07
