-1.813486006451017676e-03
-1.658242285776438847e-03
-1.510934924753043040e-03
-1.371416914191911926e-03
-1.239538994354077040e-03
-1.115149612111946157e-03
-9.980948831232014547e-04
-8.882185611339582813e-04
-7.853620172917223684e-04
-6.893642334123298646e-04
-6.000618147030518067e-04
-5.172890297089285548e-04
-4.408778886883646516e-04
-3.706582769070962120e-04
-3.064581677513269478e-04
-2.481039543633492051e-04
-1.954209620654691424e-04
-1.482342458982779129e-04
-1.063698568934131976e-04
-6.965692045580307431e-05
-3.793122030851614024e-05
-1.104183793215977482e-05
