-1.713468963421632078e-03
-1.560240751490978234e-03
-1.414986186599681475e-03
-1.277559997463340383e-03
-1.147814820343600597e-03
-1.025601181912606623e-03
-9.107674934217213853e-04
-8.031600603275452881e-04
-7.026231131023275098e-04
-6.089988672541395143e-04
-5.221276239848683838e-04
-4.418479280949595949e-04
-3.679968078451801737e-04
-3.004101345146356281e-04
-2.389231611413959516e-04
-1.833713377299049858e-04
-1.335915692084899554e-04
-8.942421612993913047e-05
-5.071641706610411238e-05
-1.732795170857019261e-05
