-2.070820052004254327e-03
-1.910511093388408055e-03
-1.758051884576851496e-03
-1.613292037964539610e-03
-1.476078680903516972e-03
-1.346256382666921473e-03
-1.223667079977809862e-03
-1.108150001345410782e-03
-9.995415905225879180e-04
-8.976754295048762315e-04
-8.023821616118577155e-04
-7.134894153657378836e-04
-6.308217301010852172e-04
-5.542004845399093075e-04
-4.834438299818164691e-04
-4.183666303392529471e-04
-3.587804120931109954e-04
-3.044933284840896197e-04
-2.553101441700345465e-04
-2.110322495889416314e-04
-1.714577192149068093e-04
-1.363814363560539452e-04
-1.055953223224325734e-04
-7.888873660321013006e-05
-5.604917314763481180e-05
-3.686350677039466667e-05
-2.112036041634542409e-05
-8.615066175484672800e-06
