-2.144966765308020835e-03
-1.983228627387429409e-03
-1.829317502517570533e-03
-1.683082269815504382e-03
-1.544369289849798757e-03
-1.413022329162260055e-03
-1.288882482973083710e-03
-1.171788096211734539e-03
-1.061574683053058150e-03
-9.580748451923212436e-04
-8.611181891594368301e-04
-7.705312430456262400e-04
-6.861373731132201911e-04
-6.077567008718036141e-04
-5.352060213519567542e-04
-4.682987234866811763e-04
-4.068447137464165802e-04
-3.506503444858174610e-04
-2.995183488773368787e-04
-2.532477849019111626e-04
-2.116339917276382956e-04
-1.744685631190752385e-04
-1.415393446091943582e-04
-1.126304646588751761e-04
-8.752241619247217537e-05
-6.599221644464684747e-05
-4.781369618841396307e-05
-3.275801968348044551e-05
-2.059465749358472316e-05
-1.109336629215077575e-05
-4.028836594552106924e-06
