-2.217160990894912267e-03
-2.054043624945209919e-03
-1.898731991397779482e-03
-1.751074341464269220e-03
-1.610916386155980887e-03
-1.478101220178490351e-03
-1.352469243994823501e-03
-1.233858084179442066e-03
-1.122102512228015684e-03
-1.017034362028297959e-03
-9.184824462486122602e-04
-8.262724719567767937e-04
-7.402269558499530860e-04
-6.601651395536709118e-04
-5.859029055297327020e-04
-5.172526942367949507e-04
-4.540234232937906031e-04
-3.960204095234551519e-04
-3.430452948905580372e-04
-2.948959775043940397e-04
-2.513665490241841259e-04
-2.122472399910441977e-04
-1.773243748118095444e-04
-1.463803383336651387e-04
-1.191935561786445981e-04
-9.553849124612696681e-05
-7.518565904352304851e-05
-5.790166476766338830e-05
-4.344926534416571068e-05
-3.158745996192805026e-05
-2.207161309934397068e-05
-1.465361485028084739e-05
-9.082085218607810722e-06
-5.102634330514485995e-06
-2.458208891981114651e-06
-8.896388269367085839e-07
-1.371194037251912328e-07
