-2.040576026400146500e-03
-1.880853790949715484e-03
-1.728990847537802654e-03
-1.584837135427783969e-03
-1.448240126207956356e-03
-1.319044752377613238e-03
-1.197093334789576255e-03
-1.082225509265099085e-03
-9.742781528018897106e-04
-8.730853099284431595e-04
-7.784781199387000132e-04
-6.902847459756221958e-04
-6.083303072559542116e-04
-5.324368161756498066e-04
-4.624231226677703106e-04
-3.981048690956340372e-04
-3.392944603204509405e-04
-2.858010556435181372e-04
-2.374305925677563738e-04
-1.939858576028238597e-04
-1.552666282760882055e-04
-1.210699263411675939e-04
-9.119045173219731575e-05
-6.542132561644694168e-05
-4.355539743154380984e-05
-2.538767194492325228e-05
-1.072023383825692331e-05
