-2.219779223779025108e-03
-2.056612061917883344e-03
-1.901249875989094885e-03
-1.753540895927961207e-03
-1.613330810867067778e-03
-1.480462693036527569e-03
-1.354776919836399567e-03
-1.236111094205775366e-03
-1.124299963453434916e-03
-1.019175336756829656e-03
-9.205660015859161265e-04
-8.282976393676720617e-04
-7.421927407715664003e-04
-6.620705210753918823e-04
-5.877468361534222106e-04
-5.190340997315255871e-04
-4.557412026607426383e-04
-3.976734350881448461e-04
-3.446324125399507577e-04
-2.964160070877471399e-04
-2.528182849345807356e-04
-2.136294519445551955e-04
-1.786358088357801045e-04
-1.476197179682043497e-04
-1.203595838817290216e-04
-9.662984996752880000e-05
-7.620101389010098115e-05
-5.883966460626208368e-05
-4.430854404770306405e-05
-3.236663673670989546e-05
-2.276929078728903515e-05
-1.526837391560799319e-05
-9.612468295436651152e-06
-5.547108548894773305e-06
-2.815068676093797711e-06
-1.156710254517428718e-06
-3.104433544897709238e-07
-1.384314444379866748e-08
