-2.215939208495914213e-03
-2.052845084817298774e-03
-1.897557046902781808e-03
-1.749923355927698355e-03
-1.609789733151435320e-03
-1.476999283811716857e-03
-1.351392419182784925e-03
-1.232806776924022215e-03
-1.121077139880712319e-03
-1.016035353543538397e-03
-9.175102424211778202e-04
-8.253275256398021325e-04
-7.393097321507647712e-04
-6.592761159993842327e-04
-5.850425721994873636e-04
-5.164215538543947279e-04
-4.532219912740548815e-04
-3.952492139663988215e-04
-3.423048765165798385e-04
-2.941868895256602077e-04
-2.506893569471725148e-04
-2.116025213486821593e-04
-1.767127188274955586e-04
-1.458023455278013554e-04
-1.186498379400085129e-04
-9.502966941284975155e-05
-7.471236557467420989e-05
-5.746454165266133964e-05
-4.304896501660689231e-05
-3.122464671663332787e-05
-2.174696648399167904e-05
-1.436783704946085361e-05
-8.835916998639517083e-06
-4.896891205408575488e-06
-2.293872922955043198e-06
-7.681484219612574536e-07
-6.190561992510424489e-08
