-1.913088362436240163e-03
-1.755864124613475998e-03
-1.606541216556579919e-03
-1.464971151486019066e-03
-1.331003075868690544e-03
-1.204483709906011696e-03
-1.085257289279528779e-03
-9.731655091391398218e-04
-8.680474716640908597e-04
-7.697396389806885350e-04
-6.780757938691035812e-04
-5.928870116128966833e-04
-5.140016476713844470e-04
-4.412453478355554378e-04
-3.744410905167093505e-04
-3.134092754906363330e-04
-2.579678809232105767e-04
-2.079327229998861708e-04
-1.631178741608355727e-04
-1.233363353994678150e-04
-8.840113421192610115e-05
-5.812717755804684585e-05
-3.233454744743274238e-05
-1.085484536616528520e-05
