-2.220302891254815995e-03
-2.057125771675856821e-03
-1.901753476855271583e-03
-1.754034232485382743e-03
-1.613813723336197763e-03
-1.480935017158039810e-03
-1.355238486755213538e-03
-1.236561730359023864e-03
-1.124739490462836828e-03
-1.019603571326864510e-03
-9.209827554098019712e-04
-8.287027190429755059e-04
-7.425859477279226489e-04
-6.624516515162453493e-04
-5.881156810151206551e-04
-5.193904446629854683e-04
-4.560848280269199175e-04
-3.980041160013593222e-04
-3.449499189233278321e-04
-2.967201037753695826e-04
-2.531087318137295594e-04
-2.139060041445411638e-04
-1.788982169688677656e-04
-1.478677284277745460e-04
-1.205929392013239720e-04
-9.684828924388271584e-05
-7.640427326970354637e-05
-5.902747782990002605e-05
-4.448064303693788027e-05
-3.252275218729058738e-05
-2.290915269577425165e-05
-1.539171188262092180e-05
-9.719011254647421153e-06
-5.636583062706888939e-06
-2.887193385376386400e-06
-1.211178159711493080e-06
-3.468513675597373127e-07
-3.113881089998732036e-08
