-2.220652006774665507e-03
-2.057468248988316307e-03
-1.902089215200249150e-03
-1.754363128275597062e-03
-1.614135670078892379e-03
-1.481249905376507293e-03
-1.355546203912309788e-03
-1.236862160782962929e-03
-1.125032515275104904e-03
-1.019889068375364784e-03
-9.212605992070284225e-04
-8.289727807103266588e-04
-7.428480949484225510e-04
-6.627057484967437302e-04
-5.883615884605857341e-04
-5.196280197641404714e-04
-4.563139244648380891e-04
-3.982245839701635407e-04
-3.451616051761899470e-04
-2.969228516946041934e-04
-2.533023815102289074e-04
-2.140903925899626599e-04
-1.790731781640272034e-04
-1.480330936119457746e-04
-1.207485371059432207e-04
-9.699394639427215187e-05
-7.653981433737344674e-05
-5.915272603592038855e-05
-4.459542060374839284e-05
-3.262688082888156270e-05
-2.300245412277854675e-05
-1.547400826922994046e-05
-9.790125546431919677e-06
-5.696338827068013694e-06
-2.935413372474548198e-06
-1.247678747076954022e-06
-3.714196281334007016e-07
-4.337179549162125483e-08
