-1.962470750130902719e-03
-1.804274086633817116e-03
-1.653962111494419740e-03
-1.511385688798649049e-03
-1.376393271060994457e-03
-1.248830834026246105e-03
-1.128541811534201217e-03
-1.015367031099513031e-03
-9.091446510731507639e-04
-8.097101005415914890e-04
-7.168960235223814864e-04
-6.305322295762724348e-04
-5.504456537455366472e-04
-4.764603298838894670e-04
-4.083973831463900625e-04
-3.460750499988332488e-04
-2.893087381483244757e-04
-2.379111453168758483e-04
-1.916924666648016980e-04
-1.504607396404682228e-04
-1.140224097316164470e-04
-8.218326794597188368e-05
-5.475005144835686215e-05
-3.153332083516510070e-05
-1.235306249710233021e-05
