-1.952935701444719410e-03
-1.794926318552943862e-03
-1.644804801139912150e-03
-1.502422134588546690e-03
-1.367626900766598722e-03
-1.240265213808439430e-03
-1.120180656165921211e-03
-1.007214215629061030e-03
-9.012042242629225361e-04
-8.019863005216477979e-04
-7.093932962390840473e-04
-6.232552508198451130e-04
-5.433993558289377862e-04
-4.696499344606597736e-04
-4.018284422781522687e-04
-3.397534985250585124e-04
-2.832409618834103027e-04
-2.321040719705202949e-04
-1.861536903477381132e-04
-1.451986967348292560e-04
-1.090466366283370149e-04
-7.750479609382777697e-05
-5.038204814991406865e-05
-2.749220927259170475e-05
-8.660695115833635536e-06
