-1.726558652017540652e-03
-1.573065094561180077e-03
-1.427540177401377588e-03
-1.289838386021822329e-03
-1.159812090074612782e-03
-1.037311522275396504e-03
-9.221847675909646859e-04
-8.142777665499586776e-04
-7.134343379273709682e-04
-6.194962281438018978e-04
-5.323031978074997932e-04
-4.516931604904601415e-04
-3.775023960988195342e-04
-3.095658728163678815e-04
-2.477177308679351288e-04
-1.917920145665391466e-04
-1.416237991948641594e-04
-9.705097434100868681e-05
-5.791718191221517144e-05
-2.407693959652751337e-05
