-1.752235377775022409e-03
-1.598222701746952702e-03
-1.452168957623410465e-03
-1.313928167969329215e-03
-1.183352196116972850e-03
-1.060290717827633029e-03
-9.445912014544172175e-04
-8.360988998317822911e-04
-7.346568583204971230e-04
-6.401059451545956184e-04
-5.522849127657230303e-04
-4.710305025624284079e-04
-3.961776114897056032e-04
-3.275595479510257525e-04
-2.650084198342031092e-04
-2.083557231191821750e-04
-1.574332452737673153e-04
-1.120744833270435604e-04
-7.211694791164084868e-05
-3.740609689881818005e-05
-7.802543097194228252e-06
