-1.881414432150192457e-03
-1.724817194205527978e-03
-1.576132208568705329e-03
-1.435211433029024786e-03
-1.301904491620012707e-03
-1.176058619594778270e-03
-1.057518610636120791e-03
-9.461267675732957638e-04
-8.417228583242926518e-04
-7.441440793860539058e-04
-6.532250300637308096e-04
-5.687977018640429138e-04
-4.906914893096758074e-04
-4.187332311547049867e-04
-3.527472952033853257e-04
-2.925557266038960355e-04
-2.379784904195837584e-04
-1.888338578720978893e-04
-1.449390187197253574e-04
-1.061110642652908574e-04
-7.216860967834005773e-05
-4.293459409178668987e-05
-1.824144883499410441e-05
