-2.159604066232452546e-03
-1.997585320731551199e-03
-1.843389206821058942e-03
-1.696864469710627783e-03
-1.557857330849950900e-03
-1.426211412197315922e-03
-1.301767658640402749e-03
-1.184364258710090493e-03
-1.073836563749668580e-03
-9.700170057592835595e-04
-8.727350141963960374e-04
-7.818169320738618420e-04
-6.970859317876147970e-04
-6.183619311996097151e-04
-5.454615106273824057e-04
-4.781978315359896713e-04
-4.163805579169111782e-04
-3.598157815693217229e-04
-3.083059528091294842e-04
-2.616498185393636511e-04
-2.196423701930237324e-04
-1.820748048919254407e-04
-1.487345044432041160e-04
-1.194050388464534107e-04
-9.386620447253213935e-05
-7.189411336846442330e-05
-5.326136226999411759e-05
-3.773733508095175642e-05
-2.508874975309652913e-05
-1.508070593384512343e-05
-7.478921585775614024e-06
-2.055466790096627055e-06
