-2.219081011313214606e-03
-2.055927127168488775e-03
-1.900578420583430485e-03
-1.752883127157239818e-03
-1.612686941846142204e-03
-1.479832942861157141e-03
-1.354161513738559065e-03
-1.235510263704676795e-03
-1.123713946500143161e-03
-1.018604377871775097e-03
-9.200103519858022355e-04
-8.277575570800632145e-04
-7.416684907345302835e-04
-6.615623752171729578e-04
-5.872550734512994733e-04
-5.185590062433455012e-04
-4.552830715255950286e-04
-3.972325664915717178e-04
-3.442091136371080214e-04
-2.960105918805015128e-04
-2.524310740950809918e-04
-2.132607725807525749e-04
-1.782859941920670558e-04
-1.472891070580970257e-04
-1.200485210489462851e-04
-9.633868437772451991e-05
-7.593009896066789356e-05
-5.858935739507179353e-05
-4.407920464336752817e-05
-3.215862773604094950e-05
-2.258297703219002436e-05
-1.510412284771374164e-05
-9.470651726332031224e-06
-5.428107808300111517e-06
-2.719288714743172613e-06
-1.084622415272733233e-06
-2.627586534151081785e-07
