-2.091691979910290621e-03
-1.930979396253871281e-03
-1.778110068962235725e-03
-1.632933394454796558e-03
-1.495296273419759615e-03
-1.365043036879581666e-03
-1.242015370673204546e-03
-1.126052238552218993e-03
-1.016989804155352161e-03
-9.146613522074039651e-04
-8.188972093897072500e-04
-7.295246654616917769e-04
-6.463678953858050099e-04
-5.692478834356846798e-04
-4.979823505691149737e-04
-4.323856867758041149e-04
-3.722688906962901955e-04
-3.174395196735175237e-04
-2.677016546836555582e-04
-2.228558865760054742e-04
-1.826993332315083934e-04
-1.470257025497993244e-04
-1.156254254211465171e-04
-8.828589983527256404e-05
-6.479192047583289460e-05
-4.492643795123802894e-05
-2.847195285065451777e-05
-1.521326973977746202e-05
-4.943638727826234864e-06
