-1.739480856479811181e-03
-1.585725816560446498e-03
-1.439934512497637563e-03
-1.301961194480027919e-03
-1.171657974625079420e-03
-1.048874802140921381e-03
-9.334594478550882826e-04
-8.252575016197407839e-04
-7.241123874205496972e-04
-6.298654029031117672e-04
-5.423557928279768882e-04
-4.614208701773294275e-04
-3.868962051487696797e-04
-3.186159126469106928e-04
-2.564130859623627566e-04
-2.001204535545058304e-04
-1.495713882400044169e-04
-1.046014973022114925e-04
-6.505122318931929161e-05
-3.077032905998954839e-05
-1.626244567641161357e-06
