-2.048395451738289300e-03
-1.888521310178756588e-03
-1.736503978304134235e-03
-1.592193309259202876e-03
-1.455436683803918276e-03
-1.326078938441285033e-03
-1.203962292319121861e-03
-1.088926273197794725e-03
-9.808076428750151475e-04
-8.794403225829876616e-04
-7.846553190355865653e-04
-6.962806520189851033e-04
-6.141412847159424598e-04
-5.380590583544104079e-04
-4.678526333407011652e-04
-4.033374398514131360e-04
-3.443256420593553699e-04
-2.906261219870752183e-04
-2.420444918210583416e-04
-1.983831481049486080e-04
-1.594413889419720744e-04
-1.250156288584510118e-04
-9.489977098490665519e-05
-6.888584532971695320e-05
-4.676512597540834486e-05
-2.833018261813092216e-05
-1.337896471898623462e-05
-1.724065132322695282e-06
