-1.933353176973751043e-03
-1.775729140096169670e-03
-1.625999547566087458e-03
-1.484015639889391678e-03
-1.349626271484938951e-03
-1.222677848655516659e-03
-1.103014268280784341e-03
-9.904768580666697009e-04
-8.849043194691033490e-04
-7.861326747924221765e-04
-6.939952204945720217e-04
-6.083224894869088042e-04
-5.289422262977210324e-04
-4.556793805555116490e-04
-3.883561266420865405e-04
-3.267919210469096350e-04
-2.708036148098088734e-04
-2.202056480588744777e-04
-1.748103700734443165e-04
-1.344285576595380350e-04
-9.887026000393689894e-05
-6.794620979017919598e-05
-4.147028479562844680e-05
-1.926410084440205014e-05
-1.166509053216716225e-06
