-1.825230436878918193e-03
-1.669751827468468879e-03
-1.522205341483276984e-03
-1.382443783050671306e-03
-1.250317690071594406e-03
-1.125675289005085514e-03
-1.008362454107211313e-03
-8.982226730747312109e-04
-7.950970217323794940e-04
-6.988241513802039614e-04
-6.092402938149926684e-04
-5.261792911055906876e-04
-4.494726602770529990e-04
-3.789497077987980943e-04
-3.144377162569237652e-04
-2.557622378033519157e-04
-2.027475496653910589e-04
-1.552173636222710482e-04
-1.129959496628603788e-04
-7.590996987160328444e-05
-4.379161125302876459e-05
-1.648430617187110681e-05
