-1.777240591683547886e-03
-1.622724117500445439e-03
-1.476157261795996200e-03
-1.337393613875590206e-03
-1.206284564527138102e-03
-1.082679271318449064e-03
-9.664246308416488997e-04
-8.573652606369289381e-04
-7.553434945157485626e-04
-6.601993964371552243e-04
-5.717708001609016037e-04
-4.898933849975973132e-04
-4.144008026943536835e-04
-3.451248778847720768e-04
-2.818959164885543158e-04
-2.245431764565297076e-04
-1.728955902262451069e-04
-1.267828924521869195e-04
-8.603743180113480893e-05
-5.049720901907579816e-05
-2.001129403406285356e-05
