-2.164135776992978395e-03
-2.002030256121006043e-03
-1.847746017321866534e-03
-1.701131765043881368e-03
-1.562033678450098183e-03
-1.430295335620176446e-03
-1.305757635903516747e-03
-1.188258720552435622e-03
-1.077633891801184698e-03
-9.737155306089192129e-04
-8.763330133359379043e-04
-7.853126276926916931e-04
-7.004774883821074556e-04
-6.216474529460229393e-04
-5.486390384496964059e-04
-4.812653397702016463e-04
-4.193359504326883442e-04
-3.626568871536030129e-04
-3.110305195262233740e-04
-2.642555066546423094e-04
-2.221267430451155157e-04
-1.844353167876122473e-04
-1.509684841450381284e-04
-1.215096663869737377e-04
-9.583847758625813800e-05
-7.373079722441721945e-05
-5.495891120703481859e-05
-3.929176484769096681e-05
-2.649541593227298795e-05
-1.633388679086200950e-05
-8.570932925744646433e-06
-2.974379809701951216e-06
