-1.230595486446388505e-03
-1.159678892100874216e-03
-1.091401623564938273e-03
-1.025724177041971571e-03
-9.626065372428226768e-04
-9.020081654209791480e-04
-8.438879871733239672e-04
-7.882043800064966787e-04
-7.349151606891944199e-04
-6.839775723988854523e-04
-6.353482716849906831e-04
-5.889833152639200676e-04
-5.448381466784031103e-04
-5.028675828425818641e-04
-4.630258005128188941e-04
-4.252663227203370977e-04
-3.895420052119759704e-04
-3.558050229519931157e-04
-3.240068567421615906e-04
-2.940982800297806295e-04
-2.660293459782843081e-04
-2.397493748862539414e-04
-2.152069420528809744e-04
-1.923498661952950401e-04
-1.711251985400770101e-04
-1.514792127221245739e-04
-1.333573956386176966e-04
-1.167044394225077796e-04
-1.014642347153982434e-04
-8.757986543842919585e-05
-7.499360527785875008e-05
-6.364691612249751777e-05
-5.348044871349216047e-05
-4.443404578970576912e-05
-3.644674804255911200e-05
-2.945680322830884095e-05
-2.340167883505201493e-05
-1.821807877391111108e-05
-1.384196468714699336e-05
-1.020858269436241923e-05
-7.252496866826942893e-06
-4.907631772955225189e-06
-3.107329056537357949e-06
-1.784430398980082089e-06
-8.714240114858671994e-07
-3.008005675236736585e-07
-6.583426461012042483e-09
