-1.233592222732807827e-03
-1.162631364057085167e-03
-1.094309308927627310e-03
-1.028586542092752151e-03
-9.654230365484771110e-04
-9.047782415748310651e-04
-8.466110705367898854e-04
-7.908798884548448246e-04
-7.375424993598738658e-04
-6.865561334455417847e-04
-6.378774340370450390e-04
-5.914624443969901911e-04
-5.472665943918245254e-04
-5.052446870522805901e-04
-4.653508850569926551e-04
-4.275386971834334196e-04
-3.917609647681697619e-04
-3.579698482320440938e-04
-3.261168137257582089e-04
-2.961526199681755855e-04
-2.680273053489397100e-04
-2.416901753845590334e-04
-2.170897906234057822e-04
-1.941739551066945925e-04
-1.728897055064579867e-04
-1.531833010726787103e-04
-1.350002145380226298e-04
-1.182851241410846427e-04
-1.029819069467626408e-04
-8.903363365811674051e-05
-7.638256513098640188e-05
-6.497015082056515310e-05
-5.473702940698263502e-05
-4.562303186452162793e-05
-3.756718725682881878e-05
-3.050773155796597348e-05
-2.438211981502019779e-05
-1.912704198419022818e-05
-1.467844278781170006e-05
-1.097154595724569425e-05
-7.940883251081765765e-06
-5.520328683411095874e-06
-3.643138501046525520e-06
-2.241997725182702457e-06
-1.249074909335088107e-06
-5.960897489403329631e-07
-2.144119360661702211e-07
-3.531284304360804823e-08
