-1.226482985733758167e-03
-1.155627182509983038e-03
-1.087411424214576594e-03
-1.021796222949590592e-03
-9.587415796960857724e-04
-8.982069723523810386e-04
-8.401513435329795425e-04
-7.845330881353764028e-04
-7.313100406891283800e-04
-6.804394624994157406e-04
-6.318780286029201596e-04
-5.855818145580366386e-04
-5.415062830919962177e-04
-4.996062706367297018e-04
-4.598359737846548722e-04
-4.221489357053606986e-04
-3.864980325687469463e-04
-3.528354600247158223e-04
-3.211127198015631054e-04
-2.912806064877352936e-04
-2.632891945764356855e-04
-2.370878258572489087e-04
-2.126250972537297324e-04
-1.898488492159839129e-04
-1.687061547906121522e-04
-1.491433095058657522e-04
-1.311058222246381058e-04
-1.145384071357776265e-04
-9.938497707498652079e-05
-8.558863838727402739e-05
-7.309168756967988402e-05
-6.183560996382258114e-05
-5.176108080610095433e-05
-4.280796899411078588e-05
-3.491534400053626126e-05
-2.802148647458132293e-05
-2.206390324999496643e-05
-1.697934779247754441e-05
-1.270384770971809376e-05
-9.172742142138853318e-06
-6.320734468501629417e-06
-4.081972062597024958e-06
-2.390181974379882888e-06
-1.178946563994184889e-06
-3.824337157964561272e-07
