-1.229890431518380683e-03
-1.158984255534254836e-03
-1.090717528449090422e-03
-1.025050749177361430e-03
-9.619439052028848055e-04
-9.013564606159652588e-04
-8.432473439110518571e-04
-7.875749355557065592e-04
-7.342970553403237611e-04
-6.833709495249319730e-04
-6.347532777999749173e-04
-5.884001000814321732e-04
-5.442668631661727163e-04
-5.023083872765306442e-04
-4.624788525267636472e-04
-4.247317853527045502e-04
-3.890200449494363296e-04
-3.552958097672063520e-04
-3.235105641276821739e-04
-2.936150850257852407e-04
-2.655594291942092082e-04
-2.392929205164026575e-04
-2.147641378841987341e-04
-1.919209036085009500e-04
-1.707102725035124550e-04
-1.510785217785912192e-04
-1.329711418864248213e-04
-1.163328284922526774e-04
-1.011074757455882077e-04
-8.723817105396642236e-05
-7.466719157870012390e-05
-6.333600269336699150e-05
-5.318525867050122400e-05
-4.415480588893549757e-05
-3.618368888885862547e-05
-2.921015964391849681e-05
-2.317169048430224782e-05
-1.800499120177651252e-05
-1.364603104133132089e-05
-1.003006661192121696e-05
-7.091677432806066715e-06
-4.764812387368351585e-06
-2.982854282210829704e-06
-1.678721019452022339e-06
-7.850611163338090027e-07
-2.347844118528110902e-07
