-1.067639532940608746e-03
-9.991741496461637589e-04
-9.333788832292788922e-04
-8.702150393499727453e-04
-8.096434447628746145e-04
-7.516244376279603446e-04
-6.961178578827652633e-04
-6.430830377536481037e-04
-5.924787924865756181e-04
-5.442634114146308955e-04
-4.983946494983727132e-04
-4.548297195167144572e-04
-4.135252851301390994e-04
-3.744374551070695227e-04
-3.375217790795051421e-04
-3.027332453124474015e-04
-2.700262811212512026e-04
-2.393547567837786549e-04
-2.106719940881647069e-04
-1.839307810829080513e-04
-1.590833952137459201e-04
-1.360816379475392234e-04
-1.148768853909778488e-04
-9.542016160693810912e-05
-7.766224489049925296e-05
-6.155382322986830573e-05
-4.704572561230660325e-05
-3.408927502494827532e-05
-2.263684652689015566e-05
-1.264279295560557971e-05
-4.065085212698905926e-06
