-1.035421011973583494e-03
-9.674510564659913108e-04
-9.021579152246259059e-04
-8.395031045798595449e-04
-7.794476738680166782e-04
-7.219521969457453996e-04
-6.669767639634609658e-04
-6.144809735075677836e-04
-5.644239252506355348e-04
-5.167642132889742248e-04
-4.714599203887227829e-04
-4.284686134282697056e-04
-3.877473404016427722e-04
-3.492526294583415524e-04
-3.129404906007912700e-04
-2.787664208596446133e-04
-2.466854140455969758e-04
-2.166519765695939593e-04
-1.886201513839233209e-04
-1.625435529253483214e-04
-1.383754171760626182e-04
-1.160686728599225921e-04
-9.557604279203225461e-05
-7.685018930024667253e-05
-5.984392594072479956e-05
-4.451053244239642570e-05
-3.080423730726878441e-05
-1.868098733067474469e-05
-8.099742049062838087e-06
