-1.223311012773209503e-03
-1.152502134205971333e-03
-1.084333857132022518e-03
-1.018766706057233021e-03
-9.557606946668962145e-04
-8.952753138666794553e-04
-8.372695195821510360e-04
-7.817017203285070090e-04
-7.285297645578962724e-04
-6.777109278039304598e-04
-6.292018996356204706e-04
-5.829587704447687039e-04
-5.389370180909528558e-04
-4.970914944315148968e-04
-4.573764117730373864e-04
-4.197453292817731945e-04
-3.841511393992579808e-04
-3.505460543157008909e-04
-3.188815925600578505e-04
-2.891085657761102582e-04
-2.611770657609093285e-04
-2.350364518544972772e-04
-2.106353387790880398e-04
-1.879215850407260071e-04
-1.668422820184489307e-04
-1.473437438839604813e-04
-1.293714985108382462e-04
-1.128702795545384624e-04
-9.778401990660626816e-05
-8.405584675620137759e-05
-7.162807852729099231e-05
-6.044222400366253768e-05
-5.043898401744176257e-05
-4.155825616337321899e-05
-3.373914313694588256e-05
-2.691996551124025804e-05
-2.103828014378641788e-05
-1.603090609132210067e-05
-1.183396125114480012e-05
-8.382915760102801236e-06
-5.612674603478980985e-06
-3.457718209828509855e-06
-1.852377759919636738e-06
-7.314963173572225792e-07
-3.264945763047779758e-08
