-1.212271438380160523e-03
-1.141626122557906501e-03
-1.073623358329643847e-03
-1.008223714347788102e-03
-9.453872495790130621e-04
-8.850735013658167028e-04
-8.272414732424715131e-04
-7.718496225228861207e-04
-7.188558476644296572e-04
-6.682174754276515955e-04
-6.198912478464896608e-04
-5.738333090305478348e-04
-5.299991918258123609e-04
-4.883438043625149862e-04
-4.488214165255644916e-04
-4.113856463884990470e-04
-3.759894466585846518e-04
-3.425850911885253321e-04
-3.111241616173483272e-04
-2.815575342154850416e-04
-2.538353670182164350e-04
-2.279070873444238063e-04
-2.037213798140235718e-04
-1.812261749943740153e-04
-1.603686388261416778e-04
-1.410951630065962210e-04
-1.233513565385965305e-04
-1.070820386954789659e-04
-9.223123370597082708e-05
-7.874216753751481224e-05
-6.655726726318076368e-05
-5.561816365375158323e-05
-4.586569788162874297e-05
-3.723993361730170055e-05
-2.968017646699424981e-05
-2.312500388763709573e-05
-1.751231094204592625e-05
-1.277938170374353251e-05
-8.863005691062429814e-06
-5.699681337174985354e-06
-3.226009098937474338e-06
-1.379570509426594331e-06
-1.014129059419788646e-07
