-1.210627724477111042e-03
-1.140006795131041570e-03
-1.072028709482836890e-03
-1.006654042889134357e-03
-9.438428612027776774e-04
-8.835547088369470831e-04
-8.257485965872280332e-04
-7.703829892229175670e-04
-7.174157928559099420e-04
-6.668043421046009490e-04
-6.185053870696630932e-04
-5.724750801420750747e-04
-5.286689626696505252e-04
-4.870419515118669797e-04
-4.475483255190958686e-04
-4.101417119755706108e-04
-3.747750730571259301e-04
-3.414006923564821003e-04
-3.099701615434960976e-04
-2.804343672334239871e-04
-2.527434781499278437e-04
-2.268469326835014519e-04
-2.026934269599795706e-04
-1.802309035538671438e-04
-1.594065410041037236e-04
-1.401667443167079309e-04
-1.224571366743120555e-04
-1.062225526192765387e-04
-9.140703303721771063e-05
-7.795382235377519510e-05
-6.580536848064043418e-05
-5.490332623188520105e-05
-4.518856522127676675e-05
-3.660118372431769851e-05
-2.908053079625204395e-05
-2.256524038638148345e-05
-1.699328393454407378e-05
-1.230205348186863107e-05
-8.428499442667014042e-06
-5.309376387907360689e-06
-2.881730567118447713e-06
-1.084030900411446236e-06
