-1.231829387113977416e-03
-1.160894563593236088e-03
-1.092598850662521073e-03
-1.026902739795984565e-03
-9.637662108658116974e-04
-9.031487201803026482e-04
-8.450091882822778708e-04
-7.893059875186129093e-04
-7.359969293922009404e-04
-6.850392517119252003e-04
-6.363896055567097110e-04
-5.900040420754490119e-04
-5.458379991488764536e-04
-5.038462879404731823e-04
-4.639830793719303668e-04
-4.262018905625481521e-04
-3.904555712786106814e-04
-3.566962904419147557e-04
-3.248755227615010479e-04
-2.949440355519025139e-04
-2.668518758157683484e-04
-2.405483576766067179e-04
-2.159820502585826213e-04
-1.931007661191117583e-04
-1.718515503566944269e-04
-1.521806705259150618e-04
-1.340336075070104453e-04
-1.173550474940559060e-04
-1.020888752792859964e-04
-8.817816903031774596e-05
-7.556519677375005736e-05
-6.419141481778107270e-05
-5.399746836632078910e-05
-4.492319459749880353e-05
-3.690762850201288921e-05
-2.988901180188982629e-05
-2.380480529975680126e-05
-1.859170504849120702e-05
-1.418566279133480989e-05
-1.052191122622494809e-05
-7.534994852969352367e-06
-5.158807607604646652e-06
-3.326639569867478536e-06
-1.971237979233665568e-06
-1.024897174533129570e-06
-4.196294086773955705e-07
-8.768843863538660955e-08
