-1.178951870122876009e-03
-1.108802586165920151e-03
-1.041301865283040867e-03
-9.764104188974456321e-04
-9.140884530813621085e-04
-8.542956567780592711e-04
-7.969911897961124607e-04
-7.421336705864614320e-04
-6.896811638187756418e-04
-6.395911677737222247e-04
-5.918206015766582341e-04
-5.463257922985211273e-04
-5.030624619602403272e-04
-4.619857144808771745e-04
-4.230500226196800108e-04
-3.862092149732768522e-04
-3.514164630987130886e-04
-3.186242688527123274e-04
-2.877844520530579856e-04
-2.588481385924444318e-04
-2.317657491677400656e-04
-2.064869888233680231e-04
-1.829608375636846914e-04
-1.611355423560364324e-04
-1.409586109449025796e-04
-1.223768080338134389e-04
-1.053361545876018161e-04
-8.978193130144518190e-05
-7.565868772677240774e-05
-6.291025924713743514e-05
-5.147979523703166807e-05
-4.130980366526360394e-05
-3.234222080909105319e-05
-2.451852106776154132e-05
-1.777989434008245360e-05
-1.206754496823509118e-05
-7.323228371301997882e-06
-3.490306877289226730e-06
-5.161364937718648598e-07
