-1.162604230576947100e-03
-1.092699635320822787e-03
-1.025446623527586287e-03
-9.608059821518336171e-04
-8.987379954589890408e-04
-8.392024333915904574e-04
-7.821585397254217191e-04
-7.275650200267839464e-04
-6.753800294321296409e-04
-6.255611602721827423e-04
-5.780654295712859886e-04
-5.328492664557757993e-04
-4.898684995168739020e-04
-4.490783441816567525e-04
-4.104333901573678717e-04
-3.738875890299626567e-04
-3.393942421161192237e-04
-3.069059886913412028e-04
-2.763747947475037221e-04
-2.477519424709992402e-04
-2.209880206840505882e-04
-1.960329165635402984e-04
-1.728358090423422970e-04
-1.513451644327834652e-04
-1.315087349967188849e-04
-1.132735614620966483e-04
-9.658598089066846464e-05
-8.139164192797828268e-05
-6.763553045176406888e-05
-5.526201024746681600e-05
-4.421488607204510985e-05
-3.443750130981465318e-05
-2.587289146008230620e-05
-1.846403263760264390e-05
-1.215426276583906508e-05
-6.888044434738850733e-06
-2.612486309285964008e-06
