-9.898895728839771091e-04
-9.226262112528091494e-04
-8.580495129337841484e-04
-7.961213263332875441e-04
-7.368030537744691029e-04
-6.800556453487513735e-04
-6.258395934211562857e-04
-5.741149279905729749e-04
-5.248412131577009747e-04
-4.779775450234924642e-04
-4.334825514300784193e-04
-3.913143940764478800e-04
-3.514307737017420118e-04
-3.137889392520392751e-04
-2.783457022437671436e-04
-2.450574579710091739e-04
-2.138802158020876309e-04
-1.847696417043447102e-04
-1.576811174380481203e-04
-1.325698228618955084e-04
-1.093908509066210914e-04
-8.809936979162848224e-05
-6.865085544573992175e-05
-5.100143168681905807e-05
-3.510838243462595609e-05
-2.093095220727825452e-05
-8.431660236174049448e-06
