-1.171040166261415154e-03
-1.101009193795292980e-03
-1.033628240225788241e-03
-9.688580530664916979e-04
-9.066588757206164298e-04
-8.469904357694110547e-04
-7.898119330366936601e-04
-7.350820274464119715e-04
-6.827588266870043311e-04
-6.327998737078466013e-04
-5.851621340663784067e-04
-5.398019831651839403e-04
-4.966751934117945256e-04
-4.557369213508686342e-04
-4.169416948245502092e-04
-3.802434002297742878e-04
-3.455952699582553220e-04
-3.129498701195463218e-04
-2.822590886765698128e-04
-2.534741241486498627e-04
-2.265454750792905301e-04
-2.014229305171423535e-04
-1.780555618272711366e-04
-1.563917162487775739e-04
-1.363790127455433393e-04
-1.179643408927670556e-04
-1.010938638231934387e-04
-8.571302668574951413e-05
-7.176657273068900956e-05
-5.919857020090766068e-05
-4.795245497214400927e-05
-3.797109693785125279e-05
-2.919690366675833197e-05
-2.157198546056955223e-05
-1.503842769030049018e-05
-9.538764916757635657e-06
-5.016873007504272812e-06
-1.419852017978855477e-06
