-1.101018065345827756e-03
-1.032043295158341194e-03
-9.657319285298606934e-04
-9.020450722949796551e-04
-8.409433442481148522e-04
-7.823868625249903817e-04
-7.263352349116543013e-04
-6.727475481177660338e-04
-6.215823570704607365e-04
-5.727976742925843315e-04
-5.263509594470271169e-04
-4.821991091503492364e-04
-4.402984471857673571e-04
-4.006047152761756797e-04
-3.630730646263989570e-04
-3.276580485003703180e-04
-2.943136161755006909e-04
-2.629931087237989467e-04
-2.336492572104911314e-04
-2.062341841039058851e-04
-1.806994089695529513e-04
-1.569958599359319487e-04
-1.350738930156923309e-04
-1.148833222795877189e-04
-9.637346528619685328e-05
-7.949321041129313141e-05
-6.419111642269071120e-05
-5.041556098556577141e-05
-3.811496616966258022e-05
-2.723815063517833106e-05
-1.773490204890238744e-05
-9.556960392781821192e-06
-2.659843551558776667e-06
