-8.850944286157378521e-04
-8.194874957214882006e-04
-7.565917687671350547e-04
-6.963700384344418022e-04
-6.387847202888846231e-04
-5.837978578709877289e-04
-5.313711281959774798e-04
-4.814658502969536009e-04
-4.340429976276670432e-04
-3.890632153916951871e-04
-3.464868442067019021e-04
-3.062739519760484738e-04
-2.683843765065562219e-04
-2.327777823563104164e-04
-1.994137367742966388e-04
-1.682518116570808054e-04
-1.392517215914529979e-04
-1.123735130001314727e-04
-8.757782743157302495e-05
-6.482627555567742990e-05
-4.408198222846455210e-05
-2.531040716399121638e-05
-8.480633234627381022e-06
