-1.193200266728123042e-03
-1.122838426968069759e-03
-1.055122556179378295e-03
-9.900133029394002186e-04
-9.274708084492418051e-04
-8.674546946648826161e-04
-8.099240521924531110e-04
-7.548374279572269037e-04
-7.021528126568235030e-04
-6.518276280186223546e-04
-6.038187138771123697e-04
-5.580823150982391683e-04
-5.145740683769318936e-04
-4.732489889460607911e-04
-4.340614572326579484e-04
-3.969652055158087354e-04
-3.619133046405274335e-04
-3.288581508573303318e-04
-2.977514528702274459e-04
-2.685442191887708755e-04
-2.411867459018096150e-04
-2.156286050123909785e-04
-1.918186335046589270e-04
-1.697049233507167819e-04
-1.492348127189908620e-04
-1.303548787120988853e-04
-1.130109320603192694e-04
-9.714801433191460093e-05
-8.271039842198683509e-05
-6.964159338563886276e-05
-5.788435515350724014e-05
-4.738070543609907917e-05
-3.807196241514802538e-05
-2.989878909396665948e-05
-2.280126938364929578e-05
-1.671903025908464327e-05
-1.159144575045732901e-05
-7.357998886182698322e-06
-3.958983240748407712e-06
-1.337054118043243448e-06
