-1.112584645927528057e-03
-1.043434262289209434e-03
-9.769450073974287035e-04
-9.130779235269842562e-04
-8.517935608760688910e-04
-7.930519666942594924e-04
-7.368126743001691872e-04
-6.830346920213500612e-04
-6.316764921003913211e-04
-5.826959996218219941e-04
-5.360505815265972137e-04
-4.916970357987866021e-04
-4.495915809302474279e-04
-4.096898457959714823e-04
-3.719468601078693192e-04
-3.363170456605205430e-04
-3.027542086438104758e-04
-2.712115333762269093e-04
-2.416415779256667268e-04
-2.139962722319520847e-04
-1.882269195613945831e-04
-1.642842024233617923e-04
-1.421181945220669623e-04
-1.216783809706937494e-04
-1.029136899974457311e-04
-8.577254094277930382e-05
-7.020291588598473248e-05
-5.615246649940916387e-05
-4.356867518119574993e-05
-3.239910321436140732e-05
-2.259178545007475299e-05
-1.409588730655445201e-05
-6.862870327473816266e-06
-8.487567596391235030e-07
