-8.658654347344484775e-04
-8.005672176384268871e-04
-7.379850191427742012e-04
-6.780818338557156790e-04
-6.208202985508390077e-04
-5.661626977301978825e-04
-5.140709721015025279e-04
-4.645067307364406507e-04
-4.174312679031216789e-04
-3.728055858780471733e-04
-3.305904254676261009e-04
-2.907463065595185855e-04
-2.532335818706897123e-04
-2.180125082735801380e-04
-1.850433418822779912e-04
-1.542864657881318669e-04
-1.257025635475762500e-04
-9.925285824153628805e-05
-7.489944804402442341e-05
-5.260578839555185457e-05
-3.233740552548795133e-05
-1.406299254620490546e-05
