-1.222136324674753197e-03
-1.151344831953839045e-03
-1.083194147263817891e-03
-1.017644799735904293e-03
-9.546568077947478834e-04
-8.941896672004859270e-04
-8.362023388499125126e-04
-7.806532363460865495e-04
-7.275002133477139095e-04
-6.767005507122501309e-04
-6.282109434512735168e-04
-5.819874875175415916e-04
-5.379856664490736008e-04
-4.961603378988426339e-04
-4.564657200855594052e-04
-4.188553782032890943e-04
-3.832822108360238044e-04
-3.496984364304944032e-04
-3.180555798857838444e-04
-2.883044593298407878e-04
-2.603951731597494140e-04
-2.342770874345158653e-04
-2.098988237204415760e-04
-1.872082475024650701e-04
-1.661524572889522332e-04
-1.466777745545479465e-04
-1.287297346838071790e-04
-1.122530791010759472e-04
-9.719174879752269698e-05
-8.348887949682271177e-05
-7.108679874256204449e-05
-5.992702524097834500e-05
-4.995027086613073458e-05
-4.109644584128898460e-05
-3.330466777575044526e-05
-2.651327550874396386e-05
-2.065984918848410483e-05
-1.568123889394869834e-05
-1.151360584597695605e-05
-8.092483944361772232e-06
-5.352877927496162364e-06
-3.229436671208621342e-06
-1.656807466352188825e-06
-5.705348412007884707e-07
