-1.183934806784053178e-03
-1.113711113001747150e-03
-1.046135071055383052e-03
-9.811673700788139680e-04
-9.187681931161195952e-04
-8.588972053081099902e-04
-8.015135418483448470e-04
-7.465757957168040523e-04
-6.940420052080292865e-04
-6.438696412696253302e-04
-5.960155946729037797e-04
-5.504361630438707898e-04
-5.070870377838700323e-04
-4.659232909217462517e-04
-4.268993619406607717e-04
-3.899690446378771547e-04
-3.550854740828178089e-04
-3.222011137547321291e-04
-2.912677429554420697e-04
-2.622364446157612015e-04
-2.350575936384398336e-04
-2.096808459530221085e-04
-1.860551285031099744e-04
-1.641286304416027426e-04
-1.438487958891600466e-04
-1.251623187188213599e-04
-1.080151399840664815e-04
-9.235244883570337159e-05
-7.811868811237570036e-05
-6.525756632273988552e-05
-5.371207858747645498e-05
-4.342454053097763287e-05
-3.433664157753006684e-05
-2.638952860150937366e-05
-1.952393954252843594e-05
-1.368042449361936419e-05
-8.799732086979235660e-06
-4.823540806981084028e-06
-1.696016318715969475e-06
