-1.216851009563626280e-03
-1.146137795672014367e-03
-1.078066321936003817e-03
-1.012597138509533767e-03
-9.496902853728661758e-04
-8.893052803825791984e-04
-8.314011070802600819e-04
-7.759362022684182340e-04
-7.228684433665221983e-04
-6.721551355591754481e-04
-6.237529987564373497e-04
-5.776181543853604102e-04
-5.337061120385336180e-04
-4.919717560088155642e-04
-4.523693317436944640e-04
-4.148524322615114207e-04
-3.793739845739025653e-04
-3.458862361686239925e-04
-3.143407416147029460e-04
-2.846883493612977129e-04
-2.568791888086174543e-04
-2.308626577465814299e-04
-2.065874102644591165e-04
-1.840013452524842782e-04
-1.630515956354162824e-04
-1.436845184939103382e-04
-1.258456862593817312e-04
-1.094798791947457743e-04
-9.453107941295996587e-05
-8.094246673554219488e-05
-6.865641676081001368e-05
-5.761450160911689455e-05
-4.775749395760628727e-05
-3.902537520366201711e-05
-3.135734896940509488e-05
-2.469186180262310454e-05
-1.896663410310469450e-05
-1.411870656743831056e-05
-1.008451212994706079e-05
-6.799993898181577398e-06
-4.200815837346322376e-06
-2.222788535307938557e-06
-8.029010647206480261e-07
