-1.127198024688796409e-03
-1.057826423421806723e-03
-9.911131137483556331e-04
-9.270190594237758593e-04
-8.655047286162029750e-04
-8.065300827589071131e-04
-7.500545652528423611e-04
-6.960370900453508860e-04
-6.444360301200963799e-04
-5.952092059403538268e-04
-5.483138738979266048e-04
-5.037067148330798055e-04
-4.613438227076124484e-04
-4.211806935323683101e-04
-3.831722146773086819e-04
-3.472726547249417746e-04
-3.134356540715470697e-04
-2.816142165391251361e-04
-2.517607023364133267e-04
-2.238268228128318066e-04
-1.977636375933576650e-04
-1.735215548869600778e-04
-1.510503360498589593e-04
-1.302991059138041286e-04
-1.112163710255981033e-04
-9.375004892643366654e-05
-7.784751314744301008e-05
-6.345566113159431662e-05
-5.052101658308321352e-05
-3.898988534994322214e-05
-2.880859813615877950e-05
-1.992390155614511631e-05
-1.228361977854860966e-05
-5.837853910460778653e-06
-5.413842388583215825e-07
