-8.259108876779973091e-04
-7.612590846591913568e-04
-6.993336341905766890e-04
-6.400979899430492542e-04
-5.835152888297271160e-04
-5.295483627182914028e-04
-4.781597543600905886e-04
-4.293117386624678718e-04
-3.829663507779306202e-04
-3.390854229642178866e-04
-2.976306328429688462e-04
-2.585635666368363132e-04
-2.218458023461212115e-04
-1.874390198642945547e-04
-1.553051481165988788e-04
-1.254065640901768296e-04
-9.770636629290142209e-05
-7.216875787895913859e-05
-4.875959664626417238e-05
-2.744720897391598124e-05
-8.203641623509669474e-06
