-1.215383093543845414e-03
-1.144691636140946758e-03
-1.076642178605617325e-03
-1.011195276991978071e-03
-9.483109773350231926e-04
-8.879488037022327529e-04
-8.300677460064448572e-04
-7.746262475826428025e-04
-7.215821925480466435e-04
-6.708928929525637521e-04
-6.225150757415476082e-04
-5.764048695505819084e-04
-5.325177913566911522e-04
-4.908087330164007459e-04
-4.512319477242232807e-04
-4.137410364330303342e-04
-3.782889342817945147e-04
-3.448278970864437822e-04
-3.133094879535788064e-04
-2.836845640912628256e-04
-2.559032638967560433e-04
-2.299149944159967391e-04
-2.056684192827907751e-04
-1.831114472600333873e-04
-1.621912215256118795e-04
-1.428541098673534536e-04
-1.250456959763958788e-04
-1.087107720642324323e-04
-9.379333306909704362e-05
-8.023657277631088703e-05
-6.798288225420107914e-05
-5.697385112305836222e-05
-4.715027234589703564e-05
-3.845215150417618572e-05
-3.081872197453153911e-05
-2.418846821499897779e-05
-1.849916082449708471e-05
-1.368790988266147673e-05
-9.691249030731134955e-06
-6.445276344374748227e-06
-3.885912711542752012e-06
-1.949441426309809556e-06
-5.738784958821106406e-07
