-8.527685317006990446e-04
-7.876814619837246411e-04
-7.253137477275107669e-04
-6.656285286138533507e-04
-6.085885991537792923e-04
-5.541564161073870296e-04
-5.022941092054903798e-04
-4.529634960404033800e-04
-4.061261022647162070e-04
-3.617431885849691289e-04
-3.197757865398498595e-04
-2.801847457413379305e-04
-2.429307962536005235e-04
-2.079746312224527638e-04
-1.752770170211441199e-04
-1.447989414428673674e-04
-1.165018155969945514e-04
-9.034775344320979378e-05
-6.629996678422065575e-05
-4.432333785767237651e-05
-2.438527652762653946e-05
-6.457057268741102134e-06
