-1.176372920707612979e-03
-1.106262179818608572e-03
-1.038800475335609295e-03
-9.739485303517439463e-04
-9.116665630036300400e-04
-8.519142747145084680e-04
-7.946508382096362927e-04
-7.398348853191573718e-04
-6.874244945802484566e-04
-6.373771786615061146e-04
-5.896498716314171407e-04
-5.441989161007749608e-04
-5.009800502735267062e-04
-4.599483949519210567e-04
-4.210584405442107910e-04
-3.842640341404029536e-04
-3.495183667316659193e-04
-3.167739606658157340e-04
-2.859826574520456591e-04
-2.570956060527593463e-04
-2.300632518364926007e-04
-2.048353264039922675e-04
-1.813608385627504729e-04
-1.595880667989112958e-04
-1.394645537041277192e-04
-1.209371029710590994e-04
-1.039517797889905759e-04
-8.845391580581657268e-05
-7.438812033080627968e-05
-6.169830025778402696e-05
-5.032769250788135572e-05
-4.021891503929342793e-05
-3.131404647116101765e-05
-2.355475187427846960e-05
-1.688248727706960075e-05
-1.123884783679020653e-05
-6.566202079266321074e-06
-2.808966980043215399e-06
