-9.038222879733287573e-04
-8.379161421464371637e-04
-7.747166113599096918e-04
-7.141862976105556749e-04
-6.562874123563643049e-04
-6.009817774638335445e-04
-5.482308281402593041e-04
-4.979956183692058752e-04
-4.502368295255555763e-04
-4.049147830420563054e-04
-3.619894582713672039e-04
-3.214205170619088012e-04
-2.831673370840528036e-04
-2.471890566812892003e-04
-2.134446350881630738e-04
-1.818929334227325665e-04
-1.524928242326419937e-04
-1.252033410356117519e-04
-9.998388513811590043e-05
-7.679451665483405152e-05
-5.559637320995325838e-05
-3.635228963612407863e-05
-1.902774894248395040e-05
-3.592411633198040816e-06
