-1.054175003540304629e-03
-9.859162131843871198e-04
-9.203303120708255809e-04
-8.573786915766906658e-04
-7.970222688820717593e-04
-7.392214777441478198e-04
-6.839362594082097624e-04
-6.311260537415376700e-04
-5.807497906978677281e-04
-5.327658822493742908e-04
-4.871322149548019346e-04
-4.438061433819329941e-04
-4.027444846594777170e-04
-3.639035145153131693e-04
-3.272389652621435305e-04
-2.927060263356126178e-04
-2.602593481874573714e-04
-2.298530506112611094e-04
-2.014407369671008933e-04
-1.749755163361491409e-04
-1.504100364643415203e-04
-1.276965316081651815e-04
-1.067868913301045497e-04
-8.763275938268957378e-05
-7.018567690468245916e-05
-5.439729288244976634e-05
-4.021968049397798249e-05
-2.760582771354912646e-05
-1.651043110233082808e-05
-6.891256189466693754e-06
