-1.233886042434014212e-03
-1.162920845311425904e-03
-1.094594400608373463e-03
-1.028867191955735311e-03
-9.656991912070950635e-04
-9.050498464757508223e-04
-8.468780699349800264e-04
-7.911422253895268077e-04
-7.378001156304114317e-04
-6.868089695884122860e-04
-6.381254293037074039e-04
-5.917055367315270488e-04
-5.475047204116544660e-04
-5.054777820282799683e-04
-4.655788828973415200e-04
-4.277615304170495560e-04
-3.919785645328372186e-04
-3.581821442628389460e-04
-3.263237343483726917e-04
-2.963540920943738229e-04
-2.682232544763226063e-04
-2.418805256006297596e-04
-2.172744646143080934e-04
-1.943528741713181085e-04
-1.730627895762487070e-04
-1.533504687384701175e-04
-1.351613830832380260e-04
-1.184402095829848622e-04
-1.031308240857753650e-04
-8.917629613557000613e-05
-7.651888549594379691e-05
-6.510004060565993092e-05
-5.486039921285260139e-05
-4.573979145227870463e-05
-3.767724564662365983e-05
-3.061099713066228663e-05
-2.447850041127183260e-05
-1.921644499157558407e-05
-1.476077519959481758e-05
-1.104671437370491097e-05
-8.008793770318295858e-06
-5.580886579201034719e-06
-3.696247476782420563e-06
-2.287558269846033076e-06
-1.286980557413488672e-06
-6.262176734222984216e-07
-2.365941387175220118e-07
-4.920164432130203512e-08
