-7.839729978310529951e-04
-7.200071069004723538e-04
-6.587789280384660079e-04
-6.002524528745186057e-04
-5.443914079504298112e-04
-4.911592746333953621e-04
-4.405193150810448612e-04
-3.924346059106964980e-04
-3.468680817667231259e-04
-3.037825917325938591e-04
-2.631409726098394328e-04
-2.249061446335652201e-04
-1.890412374937013083e-04
-1.555097580029173151e-04
-1.242758161598229104e-04
-9.530443501828538564e-05
-6.856198418040950144e-05
-4.401680168351612807e-05
-2.164011452643669386e-05
-1.407456110866192094e-06
