-8.394501722661986418e-04
-7.745785614234669027e-04
-7.124297495194655818e-04
-6.529670291042983556e-04
-5.961533612220833687e-04
-5.419513848749217978e-04
-4.903234302188687506e-04
-4.412315364840783982e-04
-3.946374759095625548e-04
-3.505027854009472809e-04
-3.087888081940348608e-04
-2.694567486214766074e-04
-2.324677442467962805e-04
-1.977829613468498886e-04
-1.653637222925636186e-04
-1.351716773273814215e-04
-1.071690395026725666e-04
-8.131891176166009168e-05
-5.758575258834767790e-05
-3.593605767889864068e-05
-1.633939358858092382e-05
