-1.010694513833181214e-03
-9.431073327731671983e-04
-8.782022572395877229e-04
-8.159409786760474540e-04
-7.562847322530184997e-04
-6.991942895516031677e-04
-6.446299516977701486e-04
-5.925515431061402190e-04
-5.429184060240466137e-04
-4.956893961251759590e-04
-4.508228794660305741e-04
-4.082767312086170441e-04
-3.680083366325556161e-04
-3.299745951164963611e-04
-2.941319279935427342e-04
-2.604362914818661077e-04
-2.288431963281542048e-04
-1.993077364076610819e-04
-1.717846294281751018e-04
-1.462282742245895521e-04
-1.225928311874626970e-04
-1.008323356075978641e-04
-8.090085898522451761e-05
-6.275274224640471816e-05
-4.634294049088652913e-05
-3.162754805623928071e-05
-1.856463047758251600e-05
-7.115614136577992979e-06
