-1.040195238955078216e-03
-9.721516339229816905e-04
-9.067838368455736131e-04
-8.440533316155227929e-04
-7.839211332240573604e-04
-7.263477790766218085e-04
-6.712933205324170130e-04
-6.187173147745188067e-04
-5.685788171392515845e-04
-5.208363740711143604e-04
-4.754480169145845932e-04
-4.323712568051353957e-04
-3.915630810043092087e-04
-3.529799511191672673e-04
-3.165778037823965591e-04
-2.823120545535324306e-04
-2.501376060578041965e-04
-2.200088617350078393e-04
-1.918797470874604146e-04
-1.657037410644181729e-04
-1.414339213392320658e-04
-1.190230289465264116e-04
-9.842356043513351147e-05
-7.958790005266166881e-05
-6.246851181419260245e-05
-4.701822419500426616e-05
-3.319066401741483686e-05
-2.094094301820163925e-05
-1.022680049524843801e-05
-1.010641021755403623e-06
