-9.736906577807042914e-04
-9.066805515967364800e-04
-8.423607264211151061e-04
-7.806931592753631362e-04
-7.216393898294827611e-04
-6.651605152938668561e-04
-6.112171861478539123e-04
-5.597696029523778049e-04
-5.107775145508571283e-04
-4.642002180545926190e-04
-4.199965611166363451e-04
-3.781249471497795866e-04
-3.385433443481524916e-04
-3.012092996498998186e-04
-2.660799591670181207e-04
-2.331120971595848483e-04
-2.022621564213630677e-04
-1.734863041096175191e-04
-1.467405088036891710e-04
-1.219806472737620083e-04
-9.916265372813171022e-05
-7.824273134239370946e-05
-5.917765787258113803e-05
-4.192523860865518927e-05
-2.644500044331752055e-05
-1.269930281502990900e-05
-6.552222250966538027e-07
