-1.137550423105866074e-03
-1.068022545440880031e-03
-1.001150973967412493e-03
-9.368966188157177395e-04
-8.752198922528937452e-04
-8.160806973681392074e-04
-7.594384165839091622e-04
-7.052519000186248952e-04
-6.534794537273909409e-04
-6.040788278565633294e-04
-5.570072047566545451e-04
-5.122211871081406003e-04
-4.696767861281139203e-04
-4.293294099405964379e-04
-3.911338522185081623e-04
-3.550442812254030428e-04
-3.210142294245004477e-04
-2.889965838650949666e-04
-2.589435776149161608e-04
-2.308067825881516297e-04
-2.045371042263621568e-04
-1.800847786411161077e-04
-1.573993730393253567e-04
-1.364297905647098377e-04
-1.171242811400847626e-04
-9.943046059073707441e-05
-8.329534139977241966e-05
-6.866538017162225843e-05
-5.548654973851406639e-05
-4.370444878983825281e-05
-3.326447085910786035e-05
-2.411207167349583866e-05
-1.619320915889692044e-05
-9.455109606690955076e-06
-3.847713345772085824e-06
