-1.190971501940327497e-03
-1.120642867172089597e-03
-1.052960604818673363e-03
-9.878853731091034873e-04
-9.253773231940852235e-04
-8.653960872914995966e-04
-8.079007665936297888e-04
-7.528499189505899816e-04
-7.002015463396535442e-04
-6.499130821395836645e-04
-6.019413782280874561e-04
-5.562426919291777773e-04
-5.127726728365630381e-04
-4.714863495522739721e-04
-4.323381163799876171e-04
-3.952817200248012145e-04
-3.602702463585178870e-04
-3.272561073225260819e-04
-2.961910280522453247e-04
-2.670260343253647766e-04
-2.397114404553609410e-04
-2.141968377788942661e-04
-1.904310839161945702e-04
-1.683622930295418461e-04
-1.479378273581695544e-04
-1.291042903877429341e-04
-1.118075221191710948e-04
-9.599259705698581346e-05
-8.160382576644664731e-05
-6.858476119681923295e-05
-5.687821151811651190e-05
-4.642626211349278829e-05
-3.717031088930635542e-05
-2.905112376117255130e-05
-2.200892221025817414e-05
-1.598352481027383765e-05
-1.091458606958707752e-05
-6.742026560456658110e-06
-3.406884421006490464e-06
-8.532599926172723778e-07
