-1.186338752935848107e-03
-1.116079190095998694e-03
-1.048466841033636899e-03
-9.834623842494610770e-04
-9.210259918101643909e-04
-8.611173175187921856e-04
-8.036954848534179352e-04
-7.487190746832315079e-04
-6.961461127741636230e-04
-6.459340571046526302e-04
-5.980397850091991084e-04
-5.524195801781244669e-04
-5.090291195436017239e-04
-4.678234600887891934e-04
-4.287570256261217638e-04
-3.917835935978245801e-04
-3.568562819632413430e-04
-3.239275362489418483e-04
-2.929491168560150751e-04
-2.638720867341279200e-04
-2.366467995581431885e-04
-2.112228885740244236e-04
-1.875492563178956086e-04
-1.655740654652446727e-04
-1.452447311378335111e-04
-1.265079150911651565e-04
-1.093095223441251269e-04
-9.359470101053141437e-05
-7.930784639285743071e-05
-6.639261085877770207e-05
-5.479192175796736893e-05
-4.444801085515606709e-05
-3.530246085388375664e-05
-2.729627837582997358e-05
-2.037000998668647554e-05
-1.446393258798465745e-05
-9.518382096216585964e-06
-5.474364711763525712e-06
-2.274824957789687565e-06
