-1.233239644281973165e-03
-1.162283992023516351e-03
-1.093967204681393522e-03
-1.028249768346089837e-03
-9.650916573855203209e-04
-9.044523224816666210e-04
-8.462906784316500276e-04
-7.905650917168191615e-04
-7.372333678575026042e-04
-6.862527385655328846e-04
-6.375798487111039884e-04
-5.911707431275511600e-04
-5.469808532775784476e-04
-5.049649838102571089e-04
-4.650772990445468220e-04
-4.272713094164824082e-04
-3.914998579378929969e-04
-3.577151067173747236e-04
-3.258685236039595519e-04
-2.959108690199181236e-04
-2.677921830598080756e-04
-2.414617729417050231e-04
-2.168682009060280856e-04
-1.939592726708534026e-04
-1.726820265627038707e-04
-1.529827234569116669e-04
-1.348068376739477135e-04
-1.180990489942048338e-04
-1.028032359694333494e-04
-8.886247072546673426e-05
-7.621901546733181180e-05
-6.481432091706282783e-05
-5.458902693120036125e-05
-4.548296556401864210e-05
-3.743516686040180105e-05
-3.038386768019909703e-05
-2.426652387441883204e-05
-1.901982615156549538e-05
-1.457971999371368914e-05
-1.088143000892132803e-05
-7.859489151466378902e-06
-5.447773330815941108e-06
-3.579542139551258638e-06
-2.187486985279311580e-06
-1.203789591853384060e-06
-5.601999296920017849e-07
-1.881719462944980448e-07
-1.934485790797376125e-08
