-9.397681378512465905e-04
-8.732916364310239817e-04
-8.095131946261107866e-04
-7.483950780521179437e-04
-6.898991357289296173e-04
-6.339867975678414262e-04
-5.806190731707307510e-04
-5.297565523047441903e-04
-4.813594075040160424e-04
-4.353873993851359358e-04
-3.917998854374007750e-04
-3.505558332820692753e-04
-3.116138397216415860e-04
-2.749321573503047994e-04
-2.404687311383049307e-04
-2.081812483227374723e-04
-1.780272063011996832e-04
-1.499640052665837078e-04
-1.239490754849609895e-04
-9.994005414778445021e-05
-7.789503500582874661e-05
-5.777292816736566731e-05
-3.953399287291915781e-05
-2.314065436615929307e-05
-8.558814382041547795e-06
