-1.205345199142519559e-03
-1.134802700848966395e-03
-1.066903988102032175e-03
-1.001609658037571791e-03
-9.388797988927411256e-04
-8.786739780857401750e-04
-8.209512300561417741e-04
-7.656700438712104630e-04
-7.127883506153778834e-04
-6.622635105736277136e-04
-6.140523002282098283e-04
-5.681108990911316577e-04
-5.243948763978191919e-04
-4.828591776925114545e-04
-4.434581113438365845e-04
-4.061453350306544864e-04
-3.708738422514989844e-04
-3.375959489145327207e-04
-3.062632800759354035e-04
-2.768267569088878164e-04
-2.492365839936381265e-04
-2.234422370389732950e-04
-1.993924511621262717e-04
-1.770352098789979988e-04
-1.563177349830336099e-04
-1.371864775307157867e-04
-1.195871101971181596e-04
-1.034645213326984439e-04
-8.876281113917252772e-05
-7.542529051626869249e-05
-6.339448332080103456e-05
-5.261213308222943089e-05
-4.301921569700793268e-05
-3.455596043333083745e-05
-2.716188298925216674e-05
-2.077583695514503121e-05
-1.533609513179755757e-05
-1.078048286319902536e-05
-7.046610114265342874e-06
-4.072312344806415865e-06
-1.796602227082575137e-06
-1.621841429108995530e-07
