-1.219610959010035325e-03
-1.148856857486783584e-03
-1.080744008790017561e-03
-1.015232952052192968e-03
-9.522837159498503522e-04
-8.918558067489806536e-04
-8.339081961092930425e-04
-7.783993086560767570e-04
-7.252870093319813919e-04
-6.745285905419905019e-04
-6.260807591104550467e-04
-5.798996230685593513e-04
-5.359406782996806867e-04
-4.941587950703048076e-04
-4.545082044802062110e-04
-4.169424848739358767e-04
-3.814145482560246225e-04
-3.478766267660566994e-04
-3.162802592725715120e-04
-2.865762781554385442e-04
-2.587147963563696858e-04
-2.326451947867963586e-04
-2.083161101964393783e-04
-1.856754236183879268e-04
-1.646702495228793354e-04
-1.452469258298487648e-04
-1.273510049527055304e-04
-1.109272460693159958e-04
-9.591960884915166549e-05
-8.227124890306925615e-05
-6.992451527476516084e-05
-5.882095036370054645e-05
-4.890129277138809084e-05
-4.010548371882069826e-05
-3.237267793296391086e-05
-2.564126032123686429e-05
-1.984887050669194818e-05
-1.493243872005219525e-05
-1.082823942038472596e-05
-7.471975286783166791e-06
-4.798919271252358263e-06
-2.744183362133446142e-06
-1.243316024445044791e-06
-2.340089780008317475e-07
