-1.072013027112824271e-03
-1.003480677675116931e-03
-9.376175526686447541e-04
-8.743849306088259709e-04
-8.137436096557152526e-04
-7.556538977850034682e-04
-7.000756030020411844e-04
-6.469680236635562930e-04
-5.962899389927556843e-04
-5.479995998889080483e-04
-5.020547201634859621e-04
-4.584124683666735713e-04
-4.170294604128578714e-04
-3.778617532731860210e-04
-3.408648400780702262e-04
-3.059936470779948741e-04
-2.732025330487877855e-04
-2.424452919239165048e-04
-2.136751597029487039e-04
-1.868448270751719965e-04
-1.619064597531884731e-04
-1.388117293441021717e-04
-1.175118588451164647e-04
-9.795768881672541669e-05
-8.009977344758114845e-05
-6.388852099037635121e-05
-4.927440218044037523e-05
-3.620826688331799277e-05
-2.464184135038074595e-05
-1.452854522826605311e-05
-5.824919798520284851e-06
