-1.084788926938629093e-03
-1.016061341345075864e-03
-9.500003954698748362e-04
-8.865672904461248307e-04
-8.257227430295925857e-04
-7.674269753967451245e-04
-7.116397049248668729e-04
-6.583201340144865729e-04
-6.074269400196551007e-04
-5.589182653709048746e-04
-5.127517079982392293e-04
-4.688843121892940884e-04
-4.272725600496724615e-04
-3.878723637834840111e-04
-3.506390590707931534e-04
-3.155273998969064585e-04
-2.824915553017584091e-04
-2.514851086631638300e-04
-2.224610603336975073e-04
-1.953718347449340199e-04
-1.701692935055667915e-04
-1.468047566361768892e-04
-1.252290349978766432e-04
-1.053924783823027345e-04
-8.724504595725721470e-05
-7.073640940001061869e-05
-5.581610521634718634e-05
-4.243376366781808793e-05
-3.053946213165374549e-05
-2.008429135618679926e-05
-1.102131083952003236e-05
-3.307280190409801323e-06
