-1.218260301855679430e-03
-1.147526206798785402e-03
-1.079433602897050294e-03
-1.013943034665025847e-03
-9.510145362981147757e-04
-8.906076197198579698e-04
-8.326812623893318794e-04
-7.771938948738001942e-04
-7.241033882030402727e-04
-6.733670410148723988e-04
-6.249415665146422234e-04
-5.787830792636858160e-04
-5.348470818257392966e-04
-4.930884512998206810e-04
-4.534614257717907090e-04
-4.159195907277932875e-04
-3.804158654715064690e-04
-3.469024896033577002e-04
-3.153310096185758132e-04
-2.856522656959184546e-04
-2.578163787574951613e-04
-2.317727378896027078e-04
-2.074699882293674262e-04
-1.848560194347560574e-04
-1.638779548738766270e-04
-1.444821416867342616e-04
-1.266141418968361502e-04
-1.102187247779793126e-04
-9.523986071367177703e-05
-8.162071683401047955e-05
-6.930365477098172076e-05
-5.823023095828624475e-05
-4.834120002237378975e-05
-3.957652200023807366e-05
-3.187537442468392084e-05
-2.517617083967711245e-05
-1.941658824997373445e-05
-1.453360780815705390e-05
-1.046357671805361433e-05
-7.142307465376882729e-06
-4.505250372906379310e-06
-2.487831076379188482e-06
-1.026233194035583580e-06
-5.979218419344600926e-08
