-8.051889212244296148e-04
-7.408750694572914779e-04
-6.792931152858729463e-04
-6.204067706197325185e-04
-5.641794549581693845e-04
-5.105743109093129105e-04
-4.595542247606172748e-04
-4.110818534723527308e-04
-3.651196598855818991e-04
-3.216299585449942803e-04
-2.805749753820633804e-04
-2.419169257200465229e-04
-2.056181168364087616e-04
-1.716410839756776134e-04
-1.399487727756183264e-04
-1.105047874857286962e-04
-8.327373482127587638e-05
-5.822171100654450386e-05
-3.531701095641794335e-05
-1.453119729149355542e-05
