-1.195370600498573029e-03
-1.124976441697296548e-03
-1.057227859824945394e-03
-9.920854941248690318e-04
-9.295094761776096252e-04
-8.694594180228072851e-04
-8.118944000420256178e-04
-7.567729586136606301e-04
-7.040530735549231688e-04
-6.536921553595172315e-04
-6.056470322603349846e-04
-5.598739371319417200e-04
-5.163284942656760565e-04
-4.749657060502394230e-04
-4.357399395977644310e-04
-3.986049133619339849e-04
-3.635136838070346919e-04
-3.304186321911108419e-04
-2.992714515456177792e-04
-2.700231339416891605e-04
-2.426239581570503354e-04
-2.170234778750424604e-04
-1.931705105776511172e-04
-1.710131273288604517e-04
-1.504986436899866695e-04
-1.315736120728013057e-04
-1.141838159186935850e-04
-9.827426621503919076e-05
-8.378920103312803124e-05
-7.067208903612472236e-05
-5.886563831495913692e-05
-4.831181256513354514e-05
-3.895185771744774623e-05
-3.072634405136548527e-05
-2.357523233088635497e-05
-1.743797931870120553e-05
-1.225371221160337590e-05
-7.961533772920019269e-06
-4.501102112100543681e-06
-1.813875144934711817e-06
