-9.280104132413588298e-04
-8.617199080640720096e-04
-7.981302246814082207e-04
-7.372037351419877260e-04
-6.789024029355720602e-04
-6.231877815239962159e-04
-5.700210143865353483e-04
-5.193628369830081753e-04
-4.711735811555078013e-04
-4.254131826370685827e-04
-3.820411925389907834e-04
-3.410167939600518673e-04
-3.022988252446976625e-04
-2.658458119444870272e-04
-2.316160102966001878e-04
-1.995674661341821383e-04
-1.696580947710645524e-04
-1.418457898893147446e-04
-1.160885733193416309e-04
-9.234480383371785912e-05
-7.057347345584428968e-05
-5.073463785300481578e-05
-3.279006042817514833e-05
-1.670421397926890933e-05
-2.445918656405229108e-06
