-9.099532607313672895e-04
-8.439494696617152059e-04
-7.806508108817460014e-04
-7.200198266679646783e-04
-6.620186639938558867e-04
-6.066090748295949187e-04
-5.537524182980201569e-04
-5.034096651749195035e-04
-4.555414053681757208e-04
-4.101078591887700932e-04
-3.670688934844443794e-04
-3.263840440500614341e-04
-2.880125462081465628e-04
-2.519133761343962381e-04
-2.180453064779058422e-04
-1.863669812654255068e-04
-1.568370172289060217e-04
-1.294141420211817662e-04
-1.040573850448211108e-04
-8.072634524938120722e-05
-5.938157496285949489e-05
-3.998514508213486807e-05
-2.250150651739250265e-05
-6.898863017398674819e-06
