-1.030589702619177624e-03
-9.626943614956408714e-04
-8.974768579841967348e-04
-8.348987416870569736e-04
-7.749210971927439004e-04
-7.175045358037753646e-04
-6.626091875543828162e-04
-6.101946936393891916e-04
-5.602201994046403146e-04
-5.126443480864856673e-04
-4.674252755418875291e-04
-4.245206062725232410e-04
-3.838874511383529855e-04
-3.454824072700265515e-04
-3.092615608483541062e-04
-2.751804936384702471e-04
-2.431942944666623876e-04
-2.132575772570692205e-04
-1.853245078655107168e-04
-1.593488428541163819e-04
-1.352839847198894095e-04
-1.130830602022509413e-04
-9.269903164754050590e-05
-7.408485691973705034e-05
-5.719372275427459396e-05
-4.197939327119392289e-05
-2.839674713661647761e-05
-1.640264110488338030e-05
-5.957379246231037783e-06
