-8.121512225599660049e-04
-7.477236151063957736e-04
-6.860260276401734152e-04
-6.270220836966847568e-04
-5.706751059730040066e-04
-5.169481305159268807e-04
-4.658039256671372736e-04
-4.172050170526166168e-04
-3.711137202880062779e-04
-3.274921836489463390e-04
-2.863024437233465834e-04
-2.475064981951676673e-04
-2.110664015334613893e-04
-1.769443917942819188e-04
-1.451030604512193304e-04
-1.155055829846949423e-04
-8.811603738402733264e-05
-6.289985355385378568e-05
-3.982446444626005990e-05
-1.886028127635066648e-05
