-1.000405577036464835e-03
-9.329783366429034381e-04
-8.682354435130058053e-04
-8.061386655851012200e-04
-7.466493194237331776e-04
-6.897282634593198108e-04
-6.353358917734430690e-04
-5.834321286083966581e-04
-5.339764238228360098e-04
-4.869277495755153272e-04
-4.422445985961457444e-04
-3.998849845082961575e-04
-3.598064448050866475e-04
-3.219660472665621651e-04
-2.863204008672467962e-04
-2.528256725784664783e-04
-2.214376119844378178e-04
-1.921115863625988472e-04
-1.648026299645655374e-04
-1.394655128725953794e-04
-1.160548373268003274e-04
-9.452517345231489624e-05
-7.483125294384656168e-05
-5.692825063194505608e-05
-4.077220426755546155e-05
-2.632066163713931480e-05
-1.353372312157491517e-05
-2.375823659591680188e-06
