-1.207164590777144806e-03
-1.136595069420592331e-03
-1.068669008688545065e-03
-1.003346998174799339e-03
-9.405891183628296588e-04
-8.803549286995563522e-04
-8.226034554276541238e-04
-7.672931791870435132e-04
-7.143820223969225922e-04
-6.638273364306576099e-04
-6.155858886052439482e-04
-5.696138490036595399e-04
-5.258667771587063628e-04
-4.842996086258887205e-04
-4.448666414846332408e-04
-4.075215228078501160e-04
-3.722172351508298426e-04
-3.389060831158304454e-04
-3.075396800605383844e-04
-2.780689350273781368e-04
-2.504440399848535388e-04
-2.246144574860883879e-04
-2.005289088678220688e-04
-1.781353631342385278e-04
-1.573810266977133791e-04
-1.382123341801053519e-04
-1.205749405230072146e-04
-1.044137147126938584e-04
-8.967273550361613268e-05
-7.629528963895486978e-05
-6.422387323176006568e-05
-5.340019722575916548e-05
-4.376519826239783073e-05
-3.525905695547134749e-05
-2.782122675068396086e-05
-2.139047869314542212e-05
-1.590497157965585560e-05
-1.130236557648758779e-05
-7.520016784853031531e-06
-4.495339060559282087e-06
-2.166562330305142853e-06
-4.746429440437052118e-07
