-1.229126647598577501e-03
-1.158231759560506956e-03
-1.089976453856022522e-03
-1.024321232342990896e-03
-9.612260855176542936e-04
-9.006504805501227163e-04
-8.425533490839553271e-04
-7.868930748035059351e-04
-7.336274807835725014e-04
-6.827138166351196013e-04
-6.341087454646443132e-04
-5.877683306682627510e-04
-5.436480225847549041e-04
-5.017026450374053540e-04
-4.618863817981186219e-04
-4.241527630136781874e-04
-3.884546516386435896e-04
-3.547442299282833260e-04
-3.229729860484284931e-04
-2.930917008731210313e-04
-2.650504350422340808e-04
-2.387985163688598612e-04
-2.142845276899015374e-04
-1.914562952707182266e-04
-1.702608778829852322e-04
-1.506445566911790651e-04
-1.325528260969745459e-04
-1.159303857073520536e-04
-1.007211336090457700e-04
-8.686816115153849329e-05
-7.431374946141188105e-05
-6.299936793385658399e-05
-5.286567497369359204e-05
-4.385252128997901708e-05
-3.589895608811485475e-05
-2.894323655806968284e-05
-2.292284113892729025e-05
-1.777448717341771915e-05
-1.343415380515037216e-05
-9.837111434451856489e-06
-6.917960026596652685e-06
-4.610680819406810175e-06
-2.848711757694264749e-06
-1.565074026487748746e-06
-6.926384441587726804e-07
-1.649290931654619841e-07
