-1.203467277242185537e-03
-1.132952682469310669e-03
-1.065082209208213651e-03
-9.998164624239131229e-04
-9.371155384053399262e-04
-8.769390128529473043e-04
-8.192459287253108695e-04
-7.639947838530901196e-04
-7.111435183368994620e-04
-6.606495017386118359e-04
-6.124695200887766587e-04
-5.665597627292779650e-04
-5.228758090190927226e-04
-4.813726149344388036e-04
-4.420044995999681311e-04
-4.047251317950785791e-04
-3.694875164869141585e-04
-3.362439814487946433e-04
-3.049461640353539889e-04
-2.755449981958038629e-04
-2.479907018209920712e-04
-2.222327645374602191e-04
-1.982199360805897989e-04
-1.759002154059347001e-04
-1.552208407271563170e-04
-1.361282807108722258e-04
-1.185682271131468997e-04
-1.024855892134419994e-04
-8.782449050702092379e-05
-7.452826826492787906e-05
-6.253947679617711706e-05
-5.179989559749617178e-05
-4.225054414465988337e-05
-3.383170604003098012e-05
-2.648296693013153878e-05
-2.014327376939115298e-05
-1.475102926513604329e-05
-1.024424866692954691e-05
-6.560837214589229612e-06
-3.639128920054944807e-06
-1.419086857629594896e-06
