-1.104931293805126030e-03
-1.035897058180542014e-03
-9.695254535787486147e-04
-9.057775647498453840e-04
-8.446139863500485385e-04
-7.859948122341465148e-04
-7.298796246614014990e-04
-6.762274834513964852e-04
-6.249969151402162693e-04
-5.761459021994764975e-04
-5.296318723922655491e-04
-4.854116883647676848e-04
-4.434416375934577248e-04
-4.036774228384028187e-04
-3.660741532985853385e-04
-3.305863367142647152e-04
-2.971678727349994853e-04
-2.657720479696117923e-04
-2.363515332615024071e-04
-2.088583839197856093e-04
-1.832440438908333735e-04
-1.594593552253362125e-04
-1.374545747401118012e-04
-1.171794005867080756e-04
-9.858301269666930582e-05
-8.161413306263622168e-05
-6.622111507492265574e-05
-5.235207668415440424e-05
-3.995510203298859785e-05
-2.897855473234346122e-05
-1.937158308269276664e-05
-1.108497826968776832e-05
-4.072741973154395990e-06
