-1.076329115857154600e-03
-1.007730745488615801e-03
-9.418007226534230118e-04
-8.785002994083010441e-04
-8.177902460607610561e-04
-7.596308412087234094e-04
-7.039818618011377304e-04
-6.508025732853077016e-04
-6.000517199146926297e-04
-5.516875153164815760e-04
-5.056676334408273608e-04
-4.619492000440990342e-04
-4.204887849021133597e-04
-3.812423950023607964e-04
-3.441654690334580236e-04
-3.092128735881628072e-04
-2.763389016233848351e-04
-2.454972738973507746e-04
-2.166411443522048058e-04
-1.897231107600805635e-04
-1.646952324604319744e-04
-1.415090577619786886e-04
-1.201156647212621486e-04
-1.004657207627275995e-04
-8.250956942168773166e-05
-6.619735713839304037e-05
-5.147922103702117836e-05
-3.830557306244965969e-05
-2.662754341570972981e-05
-1.639770267410575280e-05
-7.571308304184423095e-06
-1.086394137747419015e-07
