-8.190585681160003195e-04
-7.545183119342291269e-04
-6.927062275548592513e-04
-6.335858524559561788e-04
-5.771204151660142825e-04
-5.232728481824017825e-04
-4.720058053735373422e-04
-4.232816850598060442e-04
-3.770626603513599134e-04
-3.333107188314322769e-04
-2.919877144070047535e-04
-2.530554351752661250e-04
-2.164756926601610701e-04
-1.822104399958326070e-04
-1.502219300159924643e-04
-1.204729294800830101e-04
-9.292701416587643883e-05
-6.754898373123766162e-05
-4.430545995747764686e-05
-2.316577727360313258e-05
-4.103362825097415250e-06
