-1.153644694002564077e-03
-1.083874577316196446e-03
-1.016757719806282581e-03
-9.522549514250482636e-04
-8.903266010544216066e-04
-8.309324849718967808e-04
-7.740318951184745706e-04
-7.195835871819261133e-04
-6.675457685192695643e-04
-6.178760859453132082e-04
-5.705316134207989547e-04
-5.254688396806224144e-04
-4.826436558557660656e-04
-4.420113431489280757e-04
-4.035265606433826018e-04
-3.671433333394625914e-04
-3.328150405388940504e-04
-3.004944047249633954e-04
-2.701334811245296313e-04
-2.416836481924027980e-04
-2.150955993210505778e-04
-1.903193361750896563e-04
-1.673041641766456495e-04
-1.459986908483167523e-04
-1.263508279824086637e-04
-1.083077989912544837e-04
-9.181615337859215173e-05
-7.682179118583811958e-05
-6.327000173343515482e-05
-5.110552342470353620e-05
-4.027263562236749401e-05
-3.071530133471878755e-05
-2.237739433776176758e-05
-1.520307515022017016e-05
-9.137449891681763897e-06
-4.127823198636239667e-06
-1.263891710605455636e-07
