-9.681779082736710878e-04
-9.012542164839039242e-04
-8.370220509278456910e-04
-7.754434337203129288e-04
-7.164799527646384609e-04
-6.600927570249732340e-04
-6.062425527068210666e-04
-5.548896006045218789e-04
-5.059937149427916466e-04
-4.595142641368603386e-04
-4.154101740074281042e-04
-3.736399341565106009e-04
-3.341616084256613891e-04
-2.969328506598512842e-04
-2.619109274260809374e-04
-2.290527499305661750e-04
-1.983149182456478117e-04
-1.696537822367069105e-04
-1.430255255065103980e-04
-1.183862816653797148e-04
-9.569229700774259644e-05
-7.490016155816485422e-05
-5.596714401335748789e-05
-3.885169055783726979e-05
-2.351419426250052431e-05
-9.918237670723964808e-06
