-1.134157553454169000e-03
-1.064680853589441241e-03
-9.978611083920247999e-04
-9.336592453871178383e-04
-8.720356949644307923e-04
-8.129503791150026297e-04
-7.563627000025990779e-04
-7.022315283933251804e-04
-6.505151919746842521e-04
-6.011714635992091056e-04
-5.541575495028890465e-04
-5.094300775523260584e-04
-4.669450855967996906e-04
-4.266580100111046908e-04
-3.885236745441489380e-04
-3.524962796120701997e-04
-3.185293922131989973e-04
-2.865759366931840764e-04
-2.565881866474173877e-04
-2.285177583425652514e-04
-2.023156061503313206e-04
-1.779320206606311682e-04
-1.553166303731662789e-04
-1.344184082125122136e-04
-1.151856846216940282e-04
-9.756616976458194323e-05
-8.150698858250406782e-05
-6.695473440646471531e-05
-5.385555010092008243e-05
-4.215525141587549650e-05
-3.179951765196762162e-05
-2.273419497122916691e-05
-1.490579987007540057e-05
-8.262406860644228463e-06
-2.755354434964881068e-06
