-1.181472505748516234e-03
-1.111285571215562748e-03
-1.043746738258997464e-03
-9.788167069846155730e-04
-9.164556717696730305e-04
-8.566233094658001410e-04
-7.992787673735573303e-04
-7.443806509974463777e-04
-6.918870115961693081e-04
-6.417553335477162862e-04
-5.939425215495759604e-04
-5.484048876825045995e-04
-5.050981383724783462e-04
-4.639773612871986915e-04
-4.249970122184083430e-04
-3.881109020066372383e-04
-3.532721835782103199e-04
-3.204333391779744570e-04
-2.895461679011060593e-04
-2.605617736450504488e-04
-2.334305536359090828e-04
-2.081021877157533900e-04
-1.845256286266491611e-04
-1.626490935892149444e-04
-1.424200575625242274e-04
-1.237852486908898298e-04
-1.066906466204369875e-04
-9.108148462395295115e-05
-7.690225686306641044e-05
-6.409673272740687032e-05
-5.260798117602436620e-05
-4.237840966195956726e-05
-3.334982511753108538e-05
-2.546352980773889949e-05
-1.866047524992987849e-05
-1.288151917327350548e-05
-8.067880469079564834e-06
-4.162016543655786991e-06
-1.109545659733359281e-06
