-9.220473811450996971e-04
-8.558514142686067527e-04
-7.923576833960877018e-04
-7.315286158700178053e-04
-6.733262347262886690e-04
-6.177121577873045683e-04
-5.646475983757619612e-04
-5.140933680815493699e-04
-4.660098821360542836e-04
-4.203571681092256509e-04
-3.770948788601317155e-04
-3.361823109708109245e-04
-2.975784303020069738e-04
-2.612419068864695678e-04
-2.271311621984326273e-04
-1.952044330426604428e-04
-1.654198580909286989e-04
-1.377355958326342302e-04
-1.121099869812159061e-04
-8.850178131910888348e-05
-6.687046061132768645e-05
-4.717670965316467962e-05
-2.938312527933119311e-05
-1.345532751026543451e-05
