-1.232828309913451071e-03
-1.161878732196191350e-03
-1.093568091018210604e-03
-1.027856874037435045e-03
-9.647050572248226999e-04
-9.040720929003710033e-04
-8.459168975338367995e-04
-7.901978393133166252e-04
-7.368727255010579539e-04
-6.858987895824106285e-04
-6.372326782336463829e-04
-5.908304381251406386e-04
-5.466475025857090927e-04
-5.046386781580494262e-04
-4.647581310797299268e-04
-4.269593737281211256e-04
-3.911952510760746422e-04
-3.574179272094013364e-04
-3.255788719666619937e-04
-2.956288477673213325e-04
-2.675178967064703009e-04
-2.411953279996029934e-04
-2.166097058757982549e-04
-1.937088380261233313e-04
-1.724397647267381312e-04
-1.527487487717359344e-04
-1.345812663600911739e-04
-1.178819991020885286e-04
-1.025948273211036473e-04
-8.866282484694928739e-05
-7.602825551208456495e-05
-6.463257158174324037e-05
-5.441641436557102552e-05
-4.531961727873179576e-05
-3.728121163883527258e-05
-3.023943550435487519e-05
-2.413174588122491055e-05
-1.889483464714059214e-05
-1.446464857179171204e-05
-1.077641385511625340e-05
-7.764665682806629673e-06
-5.363283460587199342e-06
-3.505532772753405758e-06
-2.124116133590695042e-06
-1.151237734384064819e-06
-5.186990370540407086e-07
-1.581011559241324542e-07
-1.835418911866220750e-09
