-8.976354518005025349e-04
-8.318279947129629754e-04
-7.687286589510434597e-04
-7.083001077902456198e-04
-6.505046189143411008e-04
-5.953040860441315141e-04
-5.426600226833789772e-04
-4.925335685385023778e-04
-4.448854993306008542e-04
-3.996762409341971401e-04
-3.568658890659939949e-04
-3.164142361548083785e-04
-2.782808075812307825e-04
-2.424249102810816132e-04
-2.088056978670208485e-04
-1.773822581373058458e-04
-1.481137314473172754e-04
-1.209594724607299273e-04
-9.587927429019471853e-05
-7.283368481317266613e-05
-5.178446361320119184e-05
-3.269526194327066078e-05
-1.553267368348462132e-05
-2.679417592714113567e-07
