-1.147381110896260109e-03
-1.077705166117129366e-03
-1.010683660682562112e-03
-9.462774552946199647e-04
-8.844469107861740141e-04
-8.251518766664975215e-04
-7.683516794772281885e-04
-7.140051109752823272e-04
-6.620704161707735786e-04
-6.125052812457826897e-04
-5.652668213944080349e-04
-5.203115686291971947e-04
-4.775954596104544422e-04
-4.370738235700810637e-04
-3.987013704148844239e-04
-3.624321791211104022e-04
-3.282196865507293901e-04
-2.960166768651488565e-04
-2.657752717458821941e-04
-2.374469217051234011e-04
-2.109823988387147338e-04
-1.863317914953286985e-04
-1.634445014885774737e-04
-1.422692447036923299e-04
-1.227540562765132726e-04
-1.048463020110475372e-04
-8.849269844655712012e-05
-7.363934516203002475e-05
-6.023177482065683299e-05
-4.821502969232837406e-05
-3.753377909998381541e-05
-2.813250283057615509e-05
-1.995578646696112685e-05
-1.294881918445389673e-05
-7.058289465873827187e-06
-2.234156394431072574e-06
