-8.913928118732363567e-04
-8.256850910600336928e-04
-7.626870217504026512e-04
-7.023613300995973753e-04
-6.446703618098172063e-04
-5.895760844727459312e-04
-5.370400921707733140e-04
-4.870236129313933052e-04
-4.394875198005751570e-04
-3.943923465348007744e-04
-3.516983092214518358e-04
-3.113653355772799647e-04
-2.733531042825702059e-04
-2.376210975773088976e-04
-2.041286716150061845e-04
-1.728351509486576883e-04
-1.436999563827098239e-04
-1.166827798984117529e-04
-9.174382757152102865e-05
-6.884416347018432246e-05
-4.794620857652702635e-05
-2.901448747390107912e-05
-1.201679119377432661e-05
