-1.188684324415630609e-03
-1.118389781605772524e-03
-1.050742026123050246e-03
-9.857017261688211067e-04
-9.232290431807990173e-04
-8.632836199900606553e-04
-8.058245687437718199e-04
-7.508104586037645314e-04
-6.981993032335530010e-04
-6.479485480920261619e-04
-6.000150575534131739e-04
-5.543551018785088580e-04
-5.109243440686273788e-04
-4.696778266372599953e-04
-4.305699583433948794e-04
-3.935545009392791053e-04
-3.585845559934526744e-04
-3.256125518633657409e-04
-2.945902309057756843e-04
-2.654686370325435099e-04
-2.381981037377467578e-04
-2.127282427545445207e-04
-1.890079335333652089e-04
-1.669853137791792088e-04
-1.466077713520569760e-04
-1.278219379179836436e-04
-1.105736848609281138e-04
-9.480812214210248038e-05
-8.046960105370986000e-05
-6.750172221701018467e-05
-5.584735080882045162e-05
-4.544864204701494194e-05
-3.624708175029239479e-05
-2.818354998543512165e-05
-2.119842184621387754e-05
-1.523173154265235223e-05
-1.022345239739810765e-05
-6.114009038492086541e-06
-2.845314478767775542e-06
-3.632243173245287448e-07
