-8.593446979555077921e-04
-7.941515179023845997e-04
-7.316760117655086038e-04
-6.718812457433230838e-04
-6.147299344104578114e-04
-5.601844471891065207e-04
-5.082068179182145816e-04
-4.587587583453387559e-04
-4.118016765972943010e-04
-3.672967020261678041e-04
-3.252047182855230729e-04
-2.854864071285023491e-04
-2.481023063392855804e-04
-2.130128865315013395e-04
-1.801786535106410236e-04
-1.495602858775401712e-04
-1.211188221888845221e-04
-9.481591944689944152e-05
-7.061421710951439285e-05
-4.847786238146985455e-05
-2.837329194021176912e-05
-1.027044173694942965e-05
