-1.220902970098646867e-03
-1.150129736210999017e-03
-1.081997527453635796e-03
-1.016466877832742635e-03
-9.534978107686115176e-04
-8.930498271407930674e-04
-8.350818930892647558e-04
-7.795524275859636856e-04
-7.264192897848720546e-04
-6.756397661658816202e-04
-6.271705574905551582e-04
-5.809677655892981707e-04
-5.369868800056975828e-04
-4.951827645270193189e-04
-4.555096436335921077e-04
-4.179210889091330115e-04
-3.823700054551533510e-04
-3.488086183641778268e-04
-3.171884593107049616e-04
-2.874603533299707660e-04
-2.595744058612235272e-04
-2.334799901471879056e-04
-2.091257350890218260e-04
-1.864595136716675232e-04
-1.654284320901173912e-04
-1.459788197224607038e-04
-1.280562201182680224e-04
-1.116053831916775528e-04
-9.657025883787157894e-05
-8.289399222773696546e-05
-7.051892107821396269e-05
-5.938657525855027129e-05
-4.943767917846347083e-05
-4.061215753221051250e-05
-3.284914517731633902e-05
-2.608700226582429723e-05
-2.026333634592656643e-05
-1.531503427398297245e-05
-1.117830901813920952e-05
-7.788771254649088109e-06
-5.081547023299140245e-06
-2.991492890501605192e-06
-1.453654680956374610e-06
-4.044998381361613903e-07
