-1.015753714919698627e-03
-9.480880329505126866e-04
-8.831033629196755313e-04
-8.207613594521485315e-04
-7.610232185872818416e-04
-7.038496702044916113e-04
-6.492009708568280413e-04
-5.970368971603832097e-04
-5.473167399172144693e-04
-4.999992992072687650e-04
-4.550428807407178901e-04
-4.124052938468134922e-04
-3.720438515864368540e-04
-3.339153736228221920e-04
-2.979761926864692460e-04
-2.641821657499664449e-04
-2.324886914215004447e-04
-2.028507356259891844e-04
-1.752228684609814032e-04
-1.495593163306283132e-04
-1.258140353177253595e-04
-1.039408146600293069e-04
-8.389342389705621442e-05
-6.562582513305139948e-05
-4.909248563708930942e-05
-3.424885135313532287e-05
-2.105209150229752062e-05
-9.462329352943203142e-06
