-9.160283111725731064e-04
-8.499279143869057068e-04
-7.865311903257812126e-04
-7.258006230613468432e-04
-6.676982967755311143e-04
-6.121858954419547505e-04
-5.592247042436903660e-04
-5.087756131843904637e-04
-4.607991234883168120e-04
-4.152553575489975244e-04
-3.721040734278286506e-04
-3.313046852193552534e-04
-2.928162910452442166e-04
-2.565977110635302779e-04
-2.226075387813319321e-04
-1.908042102645776791e-04
-1.611460978114063320e-04
-1.335916376582668079e-04
-1.080995060385403722e-04
-8.462886564515769068e-05
-6.313971763062298280e-05
-4.359341742754904324e-05
-2.595345589844117086e-05
-1.018669354329107546e-05
