-1.227422917846229507e-03
-1.156553215815502890e-03
-1.088323394109429751e-03
-1.022693961177834673e-03
-9.596249142632201027e-04
-8.990757274383180718e-04
-8.410053394034790923e-04
-7.853721410560653756e-04
-7.321339628370282515e-04
-6.812480618770218104e-04
-6.326711089519392820e-04
-5.863591752753899607e-04
-5.422677191468333689e-04
-5.003515724895937159e-04
-4.605649273091701017e-04
-4.228613221130619339e-04
-3.871936283367093546e-04
-3.535140368272692924e-04
-3.217740444454775034e-04
-2.919244408520723418e-04
-2.639152955560761238e-04
-2.376959453106826847e-04
-2.132149819540755150e-04
-1.904202408039318447e-04
-1.692587897283232207e-04
-1.496769190277778784e-04
-1.316201322815251605e-04
-1.150331383255202627e-04
-9.985984455025674904e-05
-8.604335172627056161e-05
-7.352595058953660873e-05
-6.224912044676571342e-05
-5.215353009334735071e-05
-4.317904138097740829e-05
-3.526471582930485501e-05
-2.834882476371102878e-05
-2.236886359880511130e-05
-1.726157112561755246e-05
-1.296295510159716489e-05
-9.408326324911911833e-06
-6.532345281971089763e-06
-4.269089980454296798e-06
-2.552165622342482436e-06
-1.314914291473437169e-06
-4.909310509430318630e-07
-1.600422798187690172e-08
