-1.201530840382068971e-03
-1.131045030431907222e-03
-1.063203689057006093e-03
-9.979674293421245644e-04
-9.352963559317882319e-04
-8.751500531243934424e-04
-8.174875727254627463e-04
-7.622674216719469917e-04
-7.094475494381134815e-04
-6.589853352367963917e-04
-6.108375750384432198e-04
-5.649604684253553468e-04
-5.213096053125213175e-04
-4.798399525628491537e-04
-4.405058405386171137e-04
-4.032609496301964302e-04
-3.680582968160825007e-04
-3.348502223153222192e-04
-3.035883764039968191e-04
-2.742237064796962842e-04
-2.467064444747099324e-04
-2.209860947319006836e-04
-1.970114224856135525e-04
-1.747304431103870897e-04
-1.540904123399881463e-04
-1.350378177010787381e-04
-1.175183714677159033e-04
-1.014770055249230663e-04
-8.685786864693705283e-05
-7.360432686877326804e-05
-6.165896789006463004e-05
-5.096361086196040042e-05
-4.145932357854197596e-05
-3.308645023761696581e-05
-2.578465497517320432e-05
-1.949299021189225152e-05
-1.415000652768321138e-05
-9.693937375403131993e-06
-6.063031502428215327e-06
-3.196213454565547687e-06
-1.034605878179404703e-06
