-1.130706744249716095e-03
-1.061282135955779818e-03
-9.945151440904338811e-04
-9.303667140506167738e-04
-8.687972948558206777e-04
-8.097668279408124382e-04
-7.532347357906000844e-04
-6.991599104421949203e-04
-6.475007018862403898e-04
-5.982149064077930218e-04
-5.512597549147956215e-04
-5.065919013185138852e-04
-4.641674110392118120e-04
-4.239417497354894021e-04
-3.858697723747763885e-04
-3.499057127963892057e-04
-3.160031739575632284e-04
-2.841151191055814491e-04
-2.541938641893175428e-04
-2.261910719211864440e-04
-2.000577480275541090e-04
-1.757442404153596613e-04
-1.532002422394147085e-04
-1.323748002422721229e-04
-1.132163303074375785e-04
-9.567264303769843501e-05
-7.969098354367054344e-05
-6.521809185257243459e-05
-5.220029409380656706e-05
-4.058364120020048683e-05
-3.031412402038427545e-05
-2.133801760562411664e-05
-1.360245798667631648e-05
-7.056472798767172896e-06
-1.653001624502201659e-06
