-8.787403632250115164e-04
-8.132352740746391119e-04
-7.504429699351546903e-04
-6.903263077064679485e-04
-6.328477747161169627e-04
-5.779694925951393836e-04
-5.256532237216766587e-04
-4.758603809090159592e-04
-4.285520412074695241e-04
-3.836889649650695772e-04
-3.412316216495411424e-04
-3.011402244472219099e-04
-2.633747763697548644e-04
-2.278951316260830655e-04
-1.946610775281406170e-04
-1.636324444505947440e-04
-1.347692548333658316e-04
-1.080319276864002016e-04
-8.338156399629399664e-05
-6.078035360015558242e-05
-4.019217102771966668e-05
-2.158347833956770985e-05
-4.924754381845357788e-06
