-1.159675863893948984e-03
-1.089815192842856538e-03
-1.022606651351538583e-03
-9.580110403016089873e-04
-8.959886584015129031e-04
-8.364992905847782332e-04
-7.795021961994566973e-04
-7.249560970050773811e-04
-6.728191649964238149e-04
-6.230490100787098705e-04
-5.756026676239421689e-04
-5.304365859485659414e-04
-4.875066137547846975e-04
-4.467679875952730172e-04
-4.081753194296641307e-04
-3.716825843568553000e-04
-3.372431086305256731e-04
-3.048095580863779616e-04
-2.743339271456537391e-04
-2.457675286002973568e-04
-2.190609844415025253e-04
-1.941642180705519113e-04
-1.710264483340398001e-04
-1.495961859732969248e-04
-1.298212332851724729e-04
-1.116486881000476567e-04
-9.502495364071933371e-05
-7.989575653507063955e-05
-6.620617638203030164e-05
-5.390069212129935516e-05
-4.292325362051754075e-05
-3.321739254856319844e-05
-2.472639726320543857e-05
-1.739359788414176298e-05
-1.116285449832149241e-05
-5.979454839063417636e-06
-1.791945534201977496e-06
