-1.044912341042240943e-03
-9.767960487311576085e-04
-9.113545748972716768e-04
-8.485493718078987967e-04
-7.883414209949474736e-04
-7.306912243799270745e-04
-6.755587955940098744e-04
-6.229036515875329078e-04
-5.726848046565965154e-04
-5.248607550380601089e-04
-4.793894842683615095e-04
-4.362284495574124941e-04
-3.953345794928986605e-04
-3.566642714877187796e-04
-3.201733915044769892e-04
-2.858172767636488415e-04
-2.535507423708507294e-04
-2.233280931332712099e-04
-1.951031422988788624e-04
-1.688292396346357355e-04
-1.444593122741749907e-04
-1.219459233036333090e-04
-1.012413554652383414e-04
-8.229773124083245429e-05
-6.506718706636991419e-05
-4.950213073138981274e-05
-3.555563170651841482e-05
-2.318203437136974639e-05
-1.233796843323634805e-05
-2.984125503153819297e-06
