-1.120006974008908246e-03
-1.050744140084269862e-03
-9.841409887793768369e-04
-9.201585220695091731e-04
-8.587572480254620708e-04
-7.998971697958695733e-04
-7.435377744582497613e-04
-6.896380217664279744e-04
-6.381563328357130584e-04
-5.890505788126451994e-04
-5.422780695886214196e-04
-4.977955426304575895e-04
-4.555591520232362508e-04
-4.155244578394076769e-04
-3.776464159805150442e-04
-3.418793686781989292e-04
-3.081770358896048466e-04
-2.764925078925331873e-04
-2.467782394767751219e-04
-2.189860462548849933e-04
-1.930671037881021360e-04
-1.689719504751137271e-04
-1.466504955057970519e-04
-1.260520337127345679e-04
-1.071252699521630828e-04
-8.981835688475129742e-05
-7.407895200958403083e-05
-5.985430308528806126e-05
-4.709137671644417233e-05
-3.573705506701678328e-05
-2.573844508110888045e-05
-1.704338426359790313e-05
-9.601315504203432961e-06
-3.364924582373324884e-06
