-9.569830475308696571e-04
-8.902351980125979263e-04
-8.261814257804335308e-04
-7.647838466472052510e-04
-7.060041488629147099e-04
-6.498035892085677993e-04
-5.961429901468087537e-04
-5.449827383267109209e-04
-4.962827848128040622e-04
-4.500026475219309503e-04
-4.061014164861554798e-04
-3.645377627507572589e-04
-3.252699519683314132e-04
-2.882558641131602686e-04
-2.534530212278969367e-04
-2.208186258339429496e-04
-1.903096136692645438e-04
-1.618827259571969370e-04
-1.354946087596149836e-04
-1.111019506368593577e-04
-8.866167577385386457e-05
-6.813121966628428287e-05
-4.946893182770661132e-05
-3.263468192307275085e-05
-1.759080825222035993e-05
-4.303679783000216008e-06
