-1.234414927804426253e-03
-1.163441922014242166e-03
-1.095107576649101844e-03
-1.029372373331192535e-03
-9.661962818610122898e-04
-9.055387482544382301e-04
-8.473586825432090049e-04
-7.916144463471371483e-04
-7.382638402299340936e-04
-6.872640908539846393e-04
-6.385718379501653056e-04
-5.921431211273954932e-04
-5.479333665423832649e-04
-5.058973734636635841e-04
-4.659893007601499529e-04
-4.281626533574120616e-04
-3.923702687047246618e-04
-3.585643033072077640e-04
-3.266962193805569240e-04
-2.967167716982492304e-04
-2.685759947057300115e-04
-2.422231899884576256e-04
-2.176069141909944609e-04
-1.946749674931358583e-04
-1.733743827650207530e-04
-1.536514155332613743e-04
-1.354515349063825625e-04
-1.187194156201282517e-04
-1.033989313827313986e-04
-8.943314971246616124e-05
-7.676432847990775595e-05
-6.533391438338905313e-05
-5.508254360358643287e-05
-4.595004490146278897e-05
-3.787544544017122476e-05
-3.079697962771443923e-05
-2.465210129209511743e-05
-1.937749951344726199e-05
-1.490911844769269657e-05
-1.118218148352366300e-05
-8.131220077675520690e-06
-5.690107613136590348e-06
-3.792098621201416867e-06
-2.369873706003074811e-06
-1.355590521647907375e-06
-6.809412256233010046e-07
-2.772171722881086769e-07
-7.538344568820307989e-08
-6.060483317963153817e-09
