-1.116324704016831947e-03
-1.047117633957133720e-03
-9.805709626287627788e-04
-9.166457118908024953e-04
-8.553024105929828494e-04
-7.965010836292723672e-04
-7.402012408686952250e-04
-6.863618659970640136e-04
-6.349414053082858261e-04
-5.858977564992809070e-04
-5.391882575288634840e-04
-4.947696756207493884e-04
-4.525981965100668103e-04
-4.126294140572504777e-04
-3.748183203849611437e-04
-3.391192967387133845e-04
-3.054861053246792036e-04
-2.738718824524772688e-04
-2.442291334158017309e-04
-2.165097296739167305e-04
-1.906649090970931803e-04
-1.666452803088979881e-04
-1.444008325568644461e-04
-1.238809531312820024e-04
-1.050344552477461957e-04
-8.780962070102349664e-05
-7.215426384416374862e-05
-5.801582718029736803e-05
-4.534152534100746980e-05
-3.407856602485131948e-05
-2.417449924230128365e-05
-1.557779341359227581e-05
-8.238844080644150370e-06
-2.111896168656706048e-06
