-1.005578452428132529e-03
-9.380707509245897035e-04
-8.732462666457830843e-04
-8.110667287982882556e-04
-7.514934127187296309e-04
-6.944871328278391480e-04
-6.400082360821937946e-04
-5.880165960912035403e-04
-5.384716081047191422e-04
-4.913321851366751194e-04
-4.465567555610084781e-04
-4.041032626113122569e-04
-3.639291663453726212e-04
-3.259914488088472674e-04
-2.902466233683093089e-04
-2.566507495163371016e-04
-2.251594549178441212e-04
-1.957279671387475916e-04
-1.683111584838225096e-04
-1.428636088544195360e-04
-1.193396938118588668e-04
-9.769370864551657680e-05
-7.788004515069753188e-05
-5.985344786934972480e-05
-4.356939442790106875e-05
-2.898467819895664873e-05
-1.605833900420006207e-05
-4.753235124749933761e-06
