-7.910997364456049882e-04
-7.270167376434798602e-04
-6.656694819546345393e-04
-6.070218652627493768e-04
-5.510375089034083356e-04
-4.976797780406142522e-04
-4.469118057444128995e-04
-3.986965243177695729e-04
-3.529967059258389494e-04
-3.097750152804271866e-04
-2.689940781185199466e-04
-2.306165706517234685e-04
-1.946053372597256106e-04
-1.609235468860197504e-04
-1.295349035007654654e-04
-1.004039338318629595e-04
-7.349638850000193304e-05
-4.877981492537033711e-05
-2.622440049998263299e-05
-5.804261296566447200e-06
