-9.339173507900398481e-04
-8.675333353333834329e-04
-8.038487496474339914e-04
-7.428259118845066157e-04
-6.844267275434492287e-04
-6.286126874657512820e-04
-5.753448672431865380e-04
-5.245839284175394775e-04
-4.762901219592292641e-04
-4.304232946497114042e-04
-3.869428991830714624e-04
-3.458080090529761083e-04
-3.069773396438181144e-04
-2.704092774357354559e-04
-2.360619199257985978e-04
-2.038931298793563687e-04
-1.738606090120834856e-04
-1.459219984543249976e-04
-1.200350168474356493e-04
-9.615765251465894462e-05
-7.424843541301397783e-05
-5.426683056785065978e-05
-3.617382365607340667e-05
-1.993282505986707071e-05
-5.511133753038052524e-06
