-1.173735678813504942e-03
-1.103664374679225874e-03
-1.036242592198169127e-03
-9.714310664906331255e-04
-9.091900281346662963e-04
-8.494791914301293330e-04
-7.922577424374484213e-04
-7.374843268076980386e-04
-6.851170374139669509e-04
-6.351134018099400050e-04
-5.874303695365079526e-04
-5.420242993096514991e-04
-4.988509461229318539e-04
-4.578654483134368919e-04
-4.190223146419973666e-04
-3.822754114566963594e-04
-3.475779500162014040e-04
-3.148824740737430966e-04
-2.841408478393856124e-04
-2.553042444675772383e-04
-2.283231352560583362e-04
-2.031472797832991608e-04
-1.797257172819829323e-04
-1.580067596273059948e-04
-1.379379864412653186e-04
-1.194662429869318155e-04
-1.025376417746524482e-04
-8.709756918232602343e-05
-7.309069896928301285e-05
-6.046101549158529862e-05
-4.915185095166836653e-05
-3.910594363354280459e-05
-3.026552877897804793e-05
-2.257248267546231590e-05
-1.596855857287827232e-05
-1.039579269257022917e-05
-5.797255496037631860e-06
-2.118597662875515828e-06
