-9.845465400641129940e-04
-9.173666021581577262e-04
-8.528745140610645425e-04
-7.910321659683673028e-04
-7.318010047932170612e-04
-6.751420283469081489e-04
-6.210157802324006498e-04
-5.693823456640546756e-04
-5.202013484828519252e-04
-4.734319497136954503e-04
-4.290328481041194662e-04
-3.869622832161664742e-04
-3.471780418149694172e-04
-3.096374685385162298e-04
-2.742974821587233812e-04
-2.411145992117869692e-04
-2.100449674352856326e-04
-1.810444124209056643e-04
-1.540685023327187592e-04
-1.290726377481608812e-04
-1.060121771407361623e-04
-8.484261413574940131e-05
-6.551983210951575266e-05
-4.800047827453965692e-05
-3.224253003485371555e-05
-1.820618676406324807e-05
-5.855348881447796933e-06
