-1.025701354037675218e-03
-9.578815948180666000e-04
-8.927407137970324886e-04
-8.302402947017280743e-04
-7.703414583058056488e-04
-7.130048543788315100e-04
-6.581906539616082935e-04
-6.058585420986352128e-04
-5.559677111864149736e-04
-5.084768551388421176e-04
-4.633441646275717482e-04
-4.205273237246667231e-04
-3.799835083680881014e-04
-3.416693872015780491e-04
-3.055411255069124740e-04
-2.715543931862089287e-04
-2.396643780819286132e-04
-2.098258063888603807e-04
-1.819929725927493542e-04
-1.561197823720476276e-04
-1.321598134092926053e-04
-1.100664014125694298e-04
-8.979276239122577653e-05
-7.129216843777035832e-05
-5.451820493458663000e-05
-3.942515636181827141e-05
-2.596860466914000074e-05
-1.410639962152699124e-05
-3.800329892781720641e-06
