-1.234121101025961384e-03
-1.163152433299345168e-03
-1.094822477100212922e-03
-1.029091715166668714e-03
-9.659201184393177014e-04
-9.052671340985967742e-04
-8.470916733654817662e-04
-7.913520990733449549e-04
-7.380062130220713720e-04
-6.870112431339061958e-04
-6.383238304219112421e-04
-5.919000157976609441e-04
-5.476952267406818469e-04
-5.056642638605280066e-04
-4.657612873843567378e-04
-4.279398036101511441e-04
-3.921526513723982890e-04
-3.583519885706040915e-04
-3.264892788218982521e-04
-2.965152783038060695e-04
-2.683800228648885056e-04
-2.420328154885110182e-04
-2.174222142062842136e-04
-1.944960205687806766e-04
-1.732012687945934598e-04
-1.534842157290680826e-04
-1.352903317621103653e-04
-1.185642928653087849e-04
-1.032499739276484223e-04
-8.929044358327463860e-05
-7.662796074280526809e-05
-6.520397305737429231e-05
-5.495911756105760926e-05
-4.583322375628831179e-05
-3.776531942291778504e-05
-3.069363944842425708e-05
-2.455563799161209339e-05
-1.928800430574603578e-05
-1.482668255765928810e-05
-1.110689598893630913e-05
-8.063175771724785375e-06
-5.629394919168415284e-06
-3.738807625105556101e-06
-2.324094451257555403e-06
-1.317413926095928377e-06
-6.504616518125695815e-07
-2.545403526686698393e-07
-6.065914685457064147e-08
