-9.455627192087234442e-04
-8.789947524998090135e-04
-8.151234968077739106e-04
-7.539111665359585386e-04
-6.953195556971775246e-04
-6.393100349124321334e-04
-5.858435496354897449e-04
-5.348806199354421212e-04
-4.863813422665930284e-04
-4.403053937734249931e-04
-3.966120398385671411e-04
-3.552601458052614567e-04
-3.162081941008910730e-04
-2.794143084074027705e-04
-2.448362871115251048e-04
-2.124316491157506926e-04
-1.821576963287321535e-04
-1.539715990177559506e-04
-1.278305130649434230e-04
-1.036917426933287598e-04
-8.151296963411823829e-05
-6.125258227802515582e-05
-4.287016072114036361e-05
-2.632721562066024992e-05
-1.158836316697970910e-05
