-1.197482485470759009e-03
-1.127056892591292740e-03
-1.059276495935504957e-03
-9.941019257232197072e-04
-9.314933042393503271e-04
-8.714102339455689515e-04
-8.138117853527179757e-04
-7.586564846647207054e-04
-7.059023012056352001e-04
-6.555066346461766846e-04
-6.074263020478168741e-04
-5.616175247483070222e-04
-5.180359151163106603e-04
-4.766364632075657912e-04
-4.373735233623299431e-04
-4.002008007903410714e-04
-3.650713381985643295e-04
-3.319375025254465246e-04
-3.007509718588082925e-04
-2.714627226269063763e-04
-2.440230171694025417e-04
-2.183813918160956225e-04
-1.944866456251427653e-04
-1.722868299665798481e-04
-1.517292391774772455e-04
-1.327604025715200067e-04
-1.153260781601701899e-04
-9.937124855144137230e-05
-8.484011964205363679e-05
-7.167612295002884334e-05
-5.982192278664886712e-05
-4.921943002695150466e-05
-3.980982517389498448e-05
-3.153359502315970233e-05
-2.433059016788464719e-05
-1.814011620990805575e-05
-1.290108309935096876e-05
-8.552262823117126633e-06
-5.032769877560982520e-06
-2.283064639631816649e-06
-2.474533847949069126e-07
