-9.513010403641858348e-04
-8.846426254618211613e-04
-8.206795942321678606e-04
-7.593741111556575381e-04
-7.006879166675638714e-04
-6.445823236946191664e-04
-5.910182153279393020e-04
-5.399560439512733579e-04
-4.913558322204627507e-04
-4.451771764086632274e-04
-4.013792527813389317e-04
-3.599208278653430199e-04
-3.207602737567605451e-04
-2.838555899951365259e-04
-2.491644340727462953e-04
-2.166441634232903028e-04
-1.862518928692800469e-04
-1.579445731992338772e-04
-1.316790991333653595e-04
-1.074124590171887683e-04
-8.510194520291795275e-05
-6.470545525081843204e-05
-4.618193377921331908e-05
-2.949204138794628760e-05
-1.459920963255492699e-05
-1.471397059636973467e-06
