-1.225484352070429876e-03
-1.154643318729715266e-03
-1.086442505361092997e-03
-1.020842427958698964e-03
-9.578030914885787752e-04
-8.972839779282313624e-04
-8.392440340652462328e-04
-7.836416590651892108e-04
-7.304346918198453007e-04
-6.795803980906612880e-04
-6.310354574637052141e-04
-5.847559501387554958e-04
-5.406973435758302519e-04
-4.988144790279433818e-04
-4.590615579955411316e-04
-4.213921286407469602e-04
-3.857590722070472575e-04
-3.521145894960987419e-04
-3.204101874631499602e-04
-2.905966659950415666e-04
-2.626241049517914912e-04
-2.364418515559352446e-04
-2.119985082280214338e-04
-1.892419209796108656e-04
-1.681191684857702515e-04
-1.485765519765007566e-04
-1.305595861020951963e-04
-1.140129909451002605e-04
-9.888068537364366403e-05
-8.510578195392991697e-05
-7.263058366856993810e-05
-6.139658272208535375e-05
-5.134446175888957671e-05
-4.241409788126537333e-05
-3.454456994220027333e-05
-2.767416972682169794e-05
-2.174041786575961845e-05
-1.668008573451281481e-05
-1.242922537516206766e-05
-8.923211078480272043e-06
-6.096799820007083308e-06
-3.884226449493134671e-06
-2.219373770079740335e-06
-1.036138520480535440e-06
-2.694753998119765704e-07
