-1.088932575680406694e-03
-1.020141791396775820e-03
-9.540168155912386646e-04
-8.905188248998845927e-04
-8.296085103457607850e-04
-7.712460670226649329e-04
-7.153911837470383183e-04
-6.620030327328387757e-04
-6.110402593462258957e-04
-5.624609720268581789e-04
-5.162227324703143197e-04
-4.722825462002498806e-04
-4.305968536868680450e-04
-3.911215222136304906e-04
-3.538118387494344807e-04
-3.186225041572314379e-04
-2.855076291715389811e-04
-2.544207327111807303e-04
-2.253147432851845182e-04
-1.981420045110966299e-04
-1.728542861456453005e-04
-1.494028025816450812e-04
-1.277382415874611253e-04
-1.078108073308893690e-04
-8.957028371096151438e-05
-7.296612724261216385e-05
-5.794760415917766871e-05
-4.446399591661090965e-05
-3.246491487983374903e-05
-2.190080656815288746e-05
-1.272378833506190941e-05
-4.889146910195949674e-06
