-1.228304140833625302e-03
-1.157421410660292721e-03
-1.089178406621248065e-03
-1.023535633752601726e-03
-9.604530858024832836e-04
-8.998902332681339537e-04
-8.418060111943209255e-04
-7.861588067408982776e-04
-7.329064465321733987e-04
-6.820061838012267093e-04
-6.334146853490570236e-04
-5.870880183360933187e-04
-5.429816369339487232e-04
-5.010503688648038903e-04
-4.612484018625118945e-04
-4.235292700956893750e-04
-3.878458405970588627e-04
-3.541502997514272546e-04
-3.223941399018382054e-04
-2.925281461409774274e-04
-2.645023833640080830e-04
-2.382661836695993849e-04
-2.137681342055883509e-04
-1.909560655674304381e-04
-1.697770408714945002e-04
-1.501773456387037024e-04
-1.321024786375153269e-04
-1.154971438545440764e-04
-1.003052437777068656e-04
-8.646987419553289972e-05
-7.393332074091208610e-05
-6.263705743038687924e-05
-5.252174748072174244e-05
-4.352724672156596639e-05
-3.559260997012791543e-05
-2.865610080308031102e-05
-2.265520526742067478e-05
-1.752665025053604819e-05
-1.320642755655454643e-05
-9.629825379912668212e-06
-6.731470241948724115e-06
-4.445385669584093840e-06
-2.705082285113386958e-06
-1.443719367789559108e-06
-5.944734301993622838e-07
-9.177444970408179008e-08
