-1.234473693631765127e-03
-1.163499820254465609e-03
-1.095164597083319452e-03
-1.029428505517436272e-03
-9.662515151294231693e-04
-9.055930717025584969e-04
-8.474120850306843949e-04
-7.916669164911964169e-04
-7.383153664005377530e-04
-6.873146611695781383e-04
-6.386214402729965779e-04
-5.921917430595043845e-04
-5.479809954213166580e-04
-5.059439963592645339e-04
-4.660349044708268925e-04
-4.282072244075297782e-04
-3.924137933421201728e-04
-3.586067675011787967e-04
-3.267376088210085399e-04
-2.967570717945828434e-04
-2.686151905875352715e-04
-2.422612665067697677e-04
-2.176438559202233721e-04
-1.947107587346132076e-04
-1.734090075515788481e-04
-1.536848576357029215e-04
-1.354837778406409003e-04
-1.187504426571969350e-04
-1.034287255597818788e-04
-8.946169384636519918e-05
-7.679160518306833521e-05
-6.535990608173178850e-05
-5.510723255763416012e-05
-4.597341322994173522e-05
-3.789747514667418947e-05
-3.081765263049860684e-05
-2.467139945705039238e-05
-1.939540469029731842e-05
-1.492561250915717568e-05
-1.119724636712160373e-05
-8.144837829200462457e-06
-5.702260429863811766e-06
-3.802768890876527324e-06
-2.379044032551576912e-06
-1.363243715384340564e-06
-6.870601947590664333e-07
-2.817844934504723630e-07
-7.837951216060738060e-08
-7.478186612832285232e-09
