-1.093018671797328992e-03
-1.024165625242666727e-03
-9.579775708269877219e-04
-8.944156613146633707e-04
-8.334405626674049267e-04
-7.750124436236435158e-04
-7.190909652283919255e-04
-6.656352703661187406e-04
-6.146039733539554028e-04
-5.659551496698621547e-04
-5.196463259097801931e-04
-4.756344700910003129e-04
-4.338759824490542004e-04
-3.943266869167053393e-04
-3.569418235229531691e-04
-3.216760420204055077e-04
-2.884833971424566389e-04
-2.573173460114844009e-04
-2.281307483978271084e-04
-2.008758707661443199e-04
-1.755043953899623537e-04
-1.519674363173434785e-04
-1.302155647120166633e-04
-1.101988472245175426e-04
-9.186690281821313750e-05
-7.516898632741767178e-05
-6.005411179136715656e-05
-4.647123691556764510e-05
-3.436954520769655791e-05
-2.369889185271211997e-05
-1.441054111549899949e-05
-6.458464997372275273e-06
