-1.140885324550350256e-03
-1.071307181204736404e-03
-1.004384708745856367e-03
-9.400788003748013818e-04
-8.783498507328716840e-04
-8.191577445355406866e-04
-7.624618450307527051e-04
-7.082209822962671868e-04
-6.563934414082655319e-04
-6.069369505119375820e-04
-5.598086688371888301e-04
-5.149651747099999802e-04
-4.723624536240505828e-04
-4.319558864516832505e-04
-3.937002378919047174e-04
-3.575496452803268678e-04
-3.234576079135202263e-04
-2.913769770855341554e-04
-2.612599470842593926e-04
-2.330580474725856672e-04
-2.067221370735168205e-04
-1.822024002187545280e-04
-1.594483460116314245e-04
-1.384088116315787249e-04
-1.190319711182560337e-04
-1.012653516857713119e-04
-8.505586056919907682e-05
-7.034982692356258379e-05
-5.709306579464450311e-05
-4.523097547176082017e-05
-3.470868723197766511e-05
-2.547130108270456188e-05
-1.746427069369653733e-05
-1.063406592284274803e-05
-4.929401849508265520e-06
-3.037836324105046488e-07
