-9.791468851498689487e-04
-9.120513646693549203e-04
-8.476448998100672132e-04
-7.858894236306482577e-04
-7.267464288150473923e-04
-6.701769622022128465e-04
-6.161416200855027560e-04
-5.646005445164770011e-04
-5.155134208974525203e-04
-4.688394772338639466e-04
-4.245374855161543034e-04
-3.825657658445341322e-04
-3.428821940962211660e-04
-3.054442141909867632e-04
-2.702088563725496139e-04
-2.371327634237083430e-04
-2.061722274610688780e-04
-1.772832410156902647e-04
-1.504215676945908011e-04
-1.255428401588067002e-04
-1.026026970034911966e-04
-8.155697640624165641e-05
-6.236199504656968499e-05
-4.497495964188584668e-05
-2.935459364932094869e-05
-1.546213194960748558e-05
-3.262988698186821811e-06
