-1.058720481989087504e-03
-9.903918758686612069e-04
-9.247352188542508995e-04
-8.617118730194794386e-04
-8.012827246091187502e-04
-7.434081746516546648e-04
-6.880481296796738151e-04
-6.351619926461499286e-04
-5.847086541290552565e-04
-5.366464839602264926e-04
-4.909333234297797409e-04
-4.475264782735237151e-04
-4.063827126991422694e-04
-3.674582447816511434e-04
-3.307087436588006962e-04
-2.960893290852867213e-04
-2.635545740893106403e-04
-2.330585117247111252e-04
-2.045546472674977041e-04
-1.779959777195284053e-04
-1.533350212309142111e-04
-1.305238601843380756e-04
-1.095142034220758916e-04
-9.025747585232383964e-05
-7.270494818424646480e-05
-5.680792721948280718e-05
-4.251804079276962929e-05
-2.978767711926514245e-05
-1.857068981273751648e-05
-8.823592198323990492e-06
-5.077380386844749854e-07
