-1.063208671610818773e-03
-9.948112019737102851e-04
-9.290847573808248827e-04
-8.659906713389094526e-04
-8.054897999582235225e-04
-7.475425124083537234e-04
-6.921086814618208731e-04
-6.391476742002125426e-04
-5.886183429775117965e-04
-5.404790167583412019e-04
-4.946874929818404105e-04
-4.512010301382579701e-04
-4.099763412997562990e-04
-3.709695889126175838e-04
-3.341363812500724876e-04
-2.994317710449560322e-04
-2.668102569894268924e-04
-2.362257890180710217e-04
-2.076317786153321528e-04
-1.809811158554376642e-04
-1.562261955620528845e-04
-1.333189559953635195e-04
-1.122109350342860530e-04
-9.285335128334734091e-05
-7.519722153818108863e-05
-5.919353280806373543e-05
-4.479349902713703277e-05
-3.194895475945103754e-05
-2.061298212025119883e-05
-1.074096131889678578e-05
-2.292459304246888338e-06
