-8.461370011407706986e-04
-7.811571196139653140e-04
-7.188983017438254968e-04
-6.593237626442349439e-04
-6.023963789604719950e-04
-5.480786972867611202e-04
-4.963329460945975664e-04
-4.471210520997555846e-04
-4.004046622794331552e-04
-3.561451731349840372e-04
-3.143037693293102616e-04
-2.748414745791685049e-04
-2.377192187619804869e-04
-2.028979267649749080e-04
-1.703386369550584345e-04
-1.400026607426708015e-04
-1.118518003690595992e-04
-8.584865124903528555e-05
-6.195703074720433287e-05
-4.014260272024351575e-05
-2.037381833855508514e-05
-2.623395612752943591e-06
