-1.208925437330483476e-03
-1.138329772552542328e-03
-1.070377254466573641e-03
-1.005028465408086893e-03
-9.422434784004682720e-04
-8.819818452236278476e-04
-8.242025842411710747e-04
-7.688641679956967432e-04
-7.159245105840352820e-04
-6.653409548268436179e-04
-6.170702592497136554e-04
-5.710685848985540573e-04
-5.272914820133950626e-04
-4.856938765921504702e-04
-4.462300568790316920e-04
-4.088536598202070814e-04
-3.735176575355716945e-04
-3.401743438618789659e-04
-3.087753210350339624e-04
-2.792714865863148502e-04
-2.516130205416942998e-04
-2.257493730258882238e-04
-2.016292523912991753e-04
-1.792006140103405561e-04
-1.584106498953940611e-04
-1.392057793400356411e-04
-1.215316408149014942e-04
-1.053330854027838872e-04
-9.055417212668425797e-05
-7.713816562304325357e-05
-6.502753675574533224e-05
-5.416396698332402347e-05
-4.448835763590877374e-05
-3.594084582366225414e-05
-2.846082967414909068e-05
-2.198700736025753629e-05
-1.645743775995680549e-05
-1.180963749962333509e-05
-7.980744462399287328e-06
-4.907815573329873909e-06
-2.528433634363892174e-06
-7.821717365585126337e-07
