-1.080587761495744757e-03
-1.011924313147963272e-03
-9.459283508172641958e-04
-8.825611007713266357e-04
-8.217833061890322203e-04
-7.635552170742621741e-04
-7.078365801754593145e-04
-6.545866289618921955e-04
-6.037640737410423673e-04
-5.553270919949854049e-04
-5.092333190595973134e-04
-4.654398392854035456e-04
-4.239031778629191597e-04
-3.845792935445641633e-04
-3.474235725599801919e-04
-3.123908241097251323e-04
-2.794352779408622984e-04
-2.485105846695142640e-04
-2.195698197422528354e-04
-1.925654922452479099e-04
-1.674495602348405495e-04
-1.441734549339329359e-04
-1.226881171644428900e-04
-1.029440509556330869e-04
-8.489140177148164139e-05
-6.848007091081714359e-05
-5.365988465682568220e-05
-4.038084930226351621e-05
-2.859354687385109702e-05
-1.824977421578341009e-05
-9.303633215330105738e-06
-1.713538199784392698e-06
