-1.168286405385790408e-03
-1.098296660757958239e-03
-1.030957444351546324e-03
-9.662295164448255792e-04
-9.040731336589413660e-04
-8.444480372700713909e-04
-7.873134413022123178e-04
-7.326280204152025482e-04
-6.803498976056534479e-04
-6.304366317408362447e-04
-5.828452049539490157e-04
-5.375320099334380403e-04
-4.944528371439475215e-04
-4.535628620326939979e-04
-4.148166322756451779e-04
-3.781680551393057886e-04
-3.435703850458827298e-04
-3.109762114506381663e-04
-2.803374471663014063e-04
-2.516053173018373257e-04
-2.247303490261267104e-04
-1.996623624244476852e-04
-1.763504627920349228e-04
-1.547430348166272209e-04
-1.347877392516095348e-04
-1.164315128971034070e-04
-9.962057302750417529e-05
-8.430042788684378443e-05
-7.041589563346953838e-05
-5.791113533289907048e-05
-4.672969564331802740e-05
-3.681459039336322980e-05
-2.810841676389448884e-05
-2.055354440099834600e-05
-1.409243004658802118e-05
-8.668172075462349439e-06
-4.225572845286631187e-06
-7.134436719523178094e-07
