-1.165474419035552028e-03
-1.095526799704567419e-03
-1.028230230087311819e-03
-9.635454836066509321e-04
-9.014328305016609030e-04
-8.418520261661405733e-04
-7.847622992708568404e-04
-7.301223396862707975e-04
-6.778902862204462185e-04
-6.280237141968245248e-04
-5.804796228985278526e-04
-5.352144229156318789e-04
-4.921839234342524454e-04
-4.513433195210200398e-04
-4.126471794646765535e-04
-3.760494322508863333e-04
-3.415033552650972339e-04
-3.089615623372352201e-04
-2.783759922734395527e-04
-2.496978980524482204e-04
-2.228778369131392822e-04
-1.978656616227046790e-04
-1.746105132988549826e-04
-1.530608162794464900e-04
-1.331642756993666171e-04
-1.148678786785332912e-04
-9.811790038454278474e-05
-8.285991678522274374e-05
-6.903882676877263732e-05
-5.659888771416656862e-05
-4.548377095447618084e-05
-3.563664772669849893e-05
-2.700032386816345051e-05
-1.951745655410314030e-05
-1.313091813261051854e-05
-7.784445879621483791e-06
-3.423911066566221687e-06
-1.572074990874627723e-10
