-1.150541941176554811e-03
-1.080818457514381948e-03
-1.013748816743403891e-03
-9.492938639766826565e-04
-8.874139438442401598e-04
-8.280688889983154471e-04
-7.712180084232285330e-04
-7.168200755675171532e-04
-6.648333163201799925e-04
-6.152153968644050652e-04
-5.679234114373410284e-04
-5.229138700445609862e-04
-4.801426861817716931e-04
-4.395651646298299477e-04
-4.011359894050617325e-04
-3.648092119675991362e-04
-3.305382398134273209e-04
-2.982758256101970969e-04
-2.679740570761068408e-04
-2.395843478589382031e-04
-2.130574297466874580e-04
-1.883433466406833840e-04
-1.653914508670593475e-04
-1.441504026012041995e-04
-1.245681734742541170e-04
-1.065920558617767779e-04
-9.016868001898324311e-05
-7.524404225980951615e-05
-6.176354905546245684e-05
-4.967208474012856448e-05
-3.891411543085075746e-05
-2.943385081201949809e-05
-2.117550306809094812e-05
-1.408371925835284907e-05
-8.104348738506485933e-06
-3.185930221185496088e-06
