-1.199535904360876171e-03
-1.129079761408320354e-03
-1.061268445248423611e-03
-9.960625773831883849e-04
-9.334222711204537195e-04
-8.733071196772077384e-04
-8.156761840408148024e-04
-7.604879806037592293e-04
-7.077004685789001995e-04
-6.572710372124890201e-04
-6.091564928152438203e-04
-5.633130456314023758e-04
-5.196962965749113775e-04
-4.782612238643531148e-04
-4.389621695952118869e-04
-4.017528262955845928e-04
-3.665862235173997555e-04
-3.334147145271619691e-04
-3.021899631701212589e-04
-2.728629309935476257e-04
-2.453838647343789428e-04
-2.197022842897629325e-04
-1.957669713188499728e-04
-1.735259586487057225e-04
-1.529265206980145780e-04
-1.339151651813420688e-04
-1.164376264241238326e-04
-1.004388607118084423e-04
-8.586304423257371378e-05
-7.265357436862398914e-05
-6.075307539755248559e-05
-5.010341014331691023e-05
-4.064569991061880945e-05
-3.232035639351709018e-05
-2.506713169607728401e-05
-1.882519724807231031e-05
-1.353327181679023931e-05
-9.129839495228190717e-06
-5.553548882736589522e-06
-2.744025603699437588e-06
-6.438156617711022012e-07
