-7.981717351968512864e-04
-7.339727512304553914e-04
-6.725075723960883493e-04
-6.137400013623994397e-04
-5.576335571469841256e-04
-5.041514920291730387e-04
-4.532568138315737176e-04
-4.049123150235454461e-04
-3.590806105674260022e-04
-3.157241870761765727e-04
-2.748054667662753526e-04
-2.362868910111912005e-04
-2.001310302272693760e-04
-1.663007297353484863e-04
-1.347593057052811597e-04
-1.054708123815353924e-04
-7.840041341387761606e-05
-5.351490994891683773e-05
-3.078351360434554277e-05
-1.017901954194501933e-05
