-8.327081118939787122e-04
-7.679458589521116069e-04
-7.059081677614539169e-04
-6.465584103709520487e-04
-5.898596345573106463e-04
-5.357745743853165824e-04
-4.842656647374115448e-04
-4.352950608666757799e-04
-3.888246643539776089e-04
-3.448161572954740227e-04
-3.032310471698812255e-04
-2.640307257141121270e-04
-2.271765464071565490e-04
-1.926299270306901018e-04
-1.603524865887197824e-04
-1.303062302171909687e-04
-1.024538026344402241e-04
-7.675884208501461924e-05
-5.318648627407722033e-05
-3.170411694477751768e-05
-1.228249672998456995e-05
