-1.231241806711006262e-03
-1.160315663280395756e-03
-1.092028732895959295e-03
-1.026341509281238984e-03
-9.632139746100464028e-04
-9.026055875428546553e-04
-8.444752710262046474e-04
-7.887813998608314125e-04
-7.354817880533301259e-04
-6.845336759654803947e-04
-6.358937172763051964e-04
-5.895179657814450655e-04
-5.453618620524540092e-04
-5.033802199851030454e-04
-4.635272132728138336e-04
-4.257563618428250249e-04
-3.900205183008849407e-04
-3.562718544366782754e-04
-3.244618478503164937e-04
-2.945412687644636445e-04
-2.664601671017810276e-04
-2.401678599111827937e-04
-2.156129192393440490e-04
-1.927431605563182347e-04
-1.715056318551498723e-04
-1.518466035580298852e-04
-1.337115593780882367e-04
-1.170451882989555448e-04
-1.017913778527624810e-04
-8.789320889199578974e-05
-7.529295207176308529e-05
-6.393206627623321009e-05
-5.375119924491362567e-05
-4.469019067668787964e-05
-3.668807811446375510e-05
-2.968310594268841268e-05
-2.361273786778533203e-05
-1.841367330500475569e-05
-1.402186818154965497e-05
-1.037256082200301203e-05
-7.400303895769575542e-06
-5.039004102205154988e-06
-3.221972976311927123e-06
-1.881996928645797207e-06
-9.514500553857093705e-07
-3.625374413129779302e-07
-4.817692490220804227e-08
