-1.049572276332885962e-03
-9.813842564211617235e-04
-9.158700821464494171e-04
-8.529911749439351987e-04
-7.927084837490909561e-04
-7.349824759423593265e-04
-6.797731284592409100e-04
-6.270399191560088173e-04
-5.767418185468330431e-04
-5.288372820585391688e-04
-4.832842429826091340e-04
-4.400401063592544607e-04
-3.990617440883244098e-04
-3.603054916504597649e-04
-3.237271469351478046e-04
-2.892819718279281463e-04
-2.569246974262285937e-04
-2.266095340497836287e-04
-1.982901876427879998e-04
-1.719198847816707859e-04
-1.474514094194718172e-04
-1.248371558869930495e-04
-1.040292048301687798e-04
-8.497943222457065616e-05
-6.763966735154912423e-05
-5.196192554673179813e-05
-3.789875952098285903e-05
-2.540380762137852991e-05
-1.443268875651501909e-05
-4.944555214210940443e-06
