-9.951759346420155274e-04
-9.278301398691949330e-04
-8.631698409755466901e-04
-8.011568456239856820e-04
-7.417525126983296824e-04
-6.849177458412725877e-04
-6.306129875907148406e-04
-5.787982143037118717e-04
-5.294329321052693074e-04
-4.824761741621027287e-04
-4.378864996692359611e-04
-3.956219950428777098e-04
-3.556402779684768528e-04
-3.178985051500372492e-04
-2.823533848933980220e-04
-2.489611960388302602e-04
-2.176778153232402063e-04
-1.884587560532275015e-04
-1.612592221628453802e-04
-1.360341835389209514e-04
-1.127384812982716269e-04
-9.132697619843736564e-05
-7.175476081445386807e-05
-5.397746898840982254e-05
-3.795173939150890566e-05
-2.363593488862989316e-05
-1.099131209888341615e-05
