-1.108786831688134437e-03
-1.039694058893779038e-03
-9.732631588976630756e-04
-9.094551949344895428e-04
-8.482307391328501416e-04
-7.895498617243336664e-04
-7.333721201518766594e-04
-6.796565481140813027e-04
-6.283616445937343156e-04
-5.794453629249629156e-04
-5.328650999736495725e-04
-4.885776855201982459e-04
-4.465393719572053536e-04
-4.067058244447685207e-04
-3.690321117023723815e-04
-3.334726976686434191e-04
-2.999814343233555463e-04
-2.685115560552548243e-04
-2.390156760793906332e-04
-2.114457855750542185e-04
-1.857532564462219325e-04
-1.618888489429263524e-04
-1.398027258719522405e-04
-1.194444758533168911e-04
-1.007631492032969045e-04
-8.370731179013142270e-05
-6.822512508548944307e-05
-5.426446549605800105e-05
-4.177310463099194839e-05
-3.069898808412936469e-05
-2.099068178842310910e-05
-1.259812231969501244e-05
-5.473966857729410532e-06
