-8.723306776768874164e-04
-8.069284923498201440e-04
-7.442406961223652258e-04
-6.842302138539093801e-04
-6.268596065885203086e-04
-5.720910762548504650e-04
-5.198864731019580028e-04
-4.702073065899765435e-04
-4.230147606687719884e-04
-3.782697146628877130e-04
-3.359327713781654393e-04
-2.959642945896146524e-04
-2.583244588530979216e-04
-2.229733156981309481e-04
-1.898708819038293116e-04
-1.589772580378297434e-04
-1.302527892500652314e-04
-1.036582863781308203e-04
-7.915533538454532793e-05
-5.670674018011249615e-05
-3.627717441629524104e-05
-1.783417572526188586e-05
-1.349733693970434325e-06
