-1.232358222931665987e-03
-1.161415588058600139e-03
-1.093111971612005821e-03
-1.027407863043586830e-03
-9.642632401588812057e-04
-9.036375571529983199e-04
-8.454897324100895490e-04
-7.897781360738483558e-04
-7.364605773991696885e-04
-6.854942919035768648e-04
-6.368359283326125884e-04
-5.904415354607378498e-04
-5.462665487554676114e-04
-5.042657769300525712e-04
-4.643933884220277880e-04
-4.266028978354313196e-04
-3.908471523933865861e-04
-3.570783184514548614e-04
-3.252478681332341076e-04
-2.953065661539970100e-04
-2.672044569095176521e-04
-2.408908519148469408e-04
-2.163143176910292751e-04
-1.934226642058400197e-04
-1.721629339895883431e-04
-1.524813920584762526e-04
-1.343235167934917840e-04
-1.176339919372678967e-04
-1.023566998866852625e-04
-8.843471647741729929e-05
-7.581030747295575459e-05
-6.442492698865119605e-05
-5.421921810193418116e-05
-4.513301591745415254e-05
-3.710535337788867591e-05
-3.007447013178516309e-05
-2.397782479512331407e-05
-1.875211097204977927e-05
-1.433327744266489266e-05
-1.065655299309816076e-05
-7.656476491735468375e-06
-5.266933091140092682e-06
-3.421198094963155689e-06
-2.051991806321038331e-06
-1.091554207397489763e-06
-4.717695355593867548e-07
-1.244858400765725418e-07
