-1.144162229673178046e-03
-1.074534731149956804e-03
-1.007562281267859522e-03
-9.432057567549754357e-04
-8.814255351109537284e-04
-8.221814831958905879e-04
-7.654329456347761310e-04
-7.111387330565781609e-04
-6.592571101947124115e-04
-6.097457838793462776e-04
-5.625618909617312010e-04
-5.176619862202384934e-04
-4.750020303055697162e-04
-4.345373778031350531e-04
-3.962227655023146423e-04
-3.600123009906891275e-04
-3.258594517144412545e-04
-2.937170346911253862e-04
-2.635372071038180304e-04
-2.352714580758658990e-04
-2.088706020156679184e-04
-1.842847740427077774e-04
-1.614634281806107141e-04
-1.403553392545541303e-04
-1.209086097918064476e-04
-1.030706837743669080e-04
-8.678836993382923928e-05
-7.200787861380941019e-05
-5.867487841416421624e-05
-4.673458255485206495e-05
-3.613188152371604652e-05
-2.681155100128004826e-05
-1.871858890662487062e-05
-1.179878925853122964e-05
-5.999790044608732530e-06
-1.273191566594585839e-06
