-1.156689343392956889e-03
-1.086873498059879066e-03
-1.019710340825439113e-03
-9.551606869013992956e-04
-8.931848498654520931e-04
-8.337426300921424709e-04
-7.767933029811705491e-04
-7.222956069950432810e-04
-6.702077315306227820e-04
-6.204873046491236064e-04
-5.730913806956221268e-04
-5.279764278490477365e-04
-4.850983156505292567e-04
-4.444123025693041788e-04
-4.058730236799052674e-04
-3.694344785415762389e-04
-3.350500193890187505e-04
-3.026723397780852029e-04
-2.722534638564163005e-04
-2.437447364833026503e-04
-2.170968144801750459e-04
-1.922596593787790796e-04
-1.691825321494502452e-04
-1.478139905550220697e-04
-1.281018900080016900e-04
-1.099933891555740463e-04
-9.343496193282516962e-05
-7.837241863127665856e-05
-6.475093981332635232e-05
-5.251512903270749358e-05
-4.160909398268693594e-05
-3.197657230164514092e-05
-2.356113085538886207e-05
-1.630649298699969225e-05
-1.015710520611234553e-05
-5.059196205007820957e-06
-9.629910426333761296e-07
