-1.123631424512423847e-03
-1.054313747449469587e-03
-9.876550506695720971e-04
-9.236163167832104910e-04
-8.621580336384819954e-04
-8.032401832355250473e-04
-7.468222305007628584e-04
-6.928631119476611529e-04
-6.413212242621708263e-04
-5.921544128536708560e-04
-5.453199604332655253e-04
-5.007745756834584231e-04
-4.584743821096853118e-04
-4.183749071812995933e-04
-3.804310718980429972e-04
-3.445971809554013599e-04
-3.108269137289694896e-04
-2.790733163597063516e-04
-2.492887953070293964e-04
-2.214251128509258986e-04
-1.954333851841388002e-04
-1.712640839583009155e-04
-1.488670424723778922e-04
-1.281914681666826059e-04
-1.091859637973676854e-04
-9.179856077167448882e-05
-7.597676987420444548e-05
-6.166765749719989157e-05
-4.881796040693279137e-05
-3.737426087450737859e-05
-2.728326058544335632e-05
-1.849222516572872560e-05
-1.094974433608189904e-05
-4.607131318720659660e-06
