-1.234297396621348696e-03
-1.163326126030974402e-03
-1.094993536305155068e-03
-1.029260109512101801e-03
-9.660858159081301116e-04
-9.054301019752524979e-04
-8.472518782201823775e-04
-7.915095067483430766e-04
-7.381607886177436652e-04
-6.871629509942817548e-04
-6.384726341215049344e-04
-5.920458781292047955e-04
-5.478381097030811820e-04
-5.058041286475384746e-04
-4.658980943742762064e-04
-4.280735123578065780e-04
-3.922832206008289974e-04
-3.584793761657743458e-04
-3.266134418283444304e-04
-2.966361729229785322e-04
-2.684976044555653814e-04
-2.421470385700275811e-04
-2.175330324647585078e-04
-1.946033868667762512e-04
-1.733051351842052014e-04
-1.535845334699424138e-04
-1.353870513430972507e-04
-1.186573640318623791e-04
-1.033393457143650209e-04
-8.937606435233767387e-05
-7.670977822893191298e-05
-6.528193441934346979e-05
-5.503316944042405297e-05
-4.590331234318997865e-05
-3.783139052926339153e-05
-3.075563858787000134e-05
-2.461351046550416932e-05
-1.934169529305755463e-05
-1.487613720556046723e-05
-1.115205949739209775e-05
-8.103993459906367529e-06
-5.665812250260731351e-06
-3.770770141065541256e-06
-2.351547510182021905e-06
-1.340301976103772626e-06
-6.687262750019216733e-07
-2.681143171591334294e-07
-6.944183867382936257e-08
-3.320343768215505661e-09
