-9.626086876279292028e-04
-8.957724136134540081e-04
-8.316289311661195262e-04
-7.701403086546991256e-04
-7.112681834971230216e-04
-6.549737578341983816e-04
-6.012177951835380755e-04
-5.499606183498536877e-04
-5.011621089435257335e-04
-4.547817089554939424e-04
-4.107784249684954961e-04
-3.691108357583971350e-04
-3.297371042738852934e-04
-2.926149953159879543e-04
-2.577019006925725456e-04
-2.249548742754075236e-04
-1.943306803383307475e-04
-1.657858599541985349e-04
-1.392768223560615019e-04
-1.147599714815202595e-04
-9.219188323792684627e-05
-7.152955787327504040e-05
-5.273078717153739686e-05
-3.575470412120235371e-05
-2.056263669737983402e-05
-7.119499866953504482e-06
