-1.224427024907313128e-03
-1.153601632963973745e-03
-1.085416646504497361e-03
-1.019832585656960892e-03
-9.568094596210754456e-04
-8.963067547093173191e-04
-8.382834221454292870e-04
-7.826978656329216296e-04
-7.295079287034809869e-04
-6.786708818595518864e-04
-6.301434095302303664e-04
-5.838815968582306611e-04
-5.398409163452908607e-04
-4.979762143847507464e-04
-4.582416977125849922e-04
-4.205909198205008909e-04
-3.849767673729194211e-04
-3.513514466818596499e-04
-3.196664702990129211e-04
-2.898726437921307630e-04
-2.619200527845157037e-04
-2.357580503431310598e-04
-2.113352448152201746e-04
-1.885994882234486904e-04
-1.674978653451455687e-04
-1.479766836146248900e-04
-1.299814640070537418e-04
-1.134569330794291982e-04
-9.834701636769112320e-05
-8.459483336489880077e-05
-7.214269433645363638e-05
-6.093209926792664109e-05
-5.090373929389558944e-05
-4.199750102817347632e-05
-3.415247432637276968e-05
-2.730696418443259764e-05
-2.139850777200757079e-05
-1.636389813218250906e-05
-1.213921710706864956e-05
-8.659882178707650524e-06
-5.860716707997806716e-06
-3.676065004644289626e-06
-2.040007793257396957e-06
-8.868522438794612999e-07
-1.526428341134764538e-07
