-1.213856565690113812e-03
-1.143187740750891117e-03
-1.075161186143955326e-03
-1.009737464088792487e-03
-9.468766269477115523e-04
-8.865382052823036086e-04
-8.286811956679981375e-04
-7.732640482751140104e-04
-7.202446542320027579e-04
-6.695803327781961901e-04
-6.212278182314781442e-04
-5.751432467857193207e-04
-5.312821431663815276e-04
-4.895994071726264118e-04
-4.500493001411175805e-04
-4.125854313723766563e-04
-3.771607445663823725e-04
-3.437275043219962709e-04
-3.122372827634100571e-04
-2.826409463657359573e-04
-2.548886430635309629e-04
-2.289297897369553861e-04
-2.047130601863225902e-04
-1.821863737211453730e-04
-1.612968845103451029e-04
-1.419909718634853463e-04
-1.242142316415954047e-04
-1.079114690345249819e-04
-9.302669298814797189e-05
-7.950311263126203822e-05
-6.728313614171998070e-05
-5.630837262708228354e-05
-4.651963779949288647e-05
-3.785696455336064279e-05
-3.025962010561761780e-05
-2.366613232913972501e-05
-1.801432971235469573e-05
-1.324140293748756565e-05
-9.284003623256252539e-06
-6.078413316110256297e-06
-3.560861608010945929e-06
-1.668213153387253441e-06
-3.398031889546985467e-07
