-1.097047179943183917e-03
-1.028132805439623595e-03
-9.618826214851182010e-04
-8.982577575815062785e-04
-8.372188552860212931e-04
-7.787260576904942930e-04
-7.227389988362163242e-04
-6.692167931140541792e-04
-6.181180247030352648e-04
-5.694007371187388396e-04
-5.230224229573856350e-04
-4.789400139469603048e-04
-4.371098714424006952e-04
-3.974877775405138243e-04
-3.600289270361994626e-04
-3.246879205073892154e-04
-2.914187588977242786e-04
-2.601748400830549389e-04
-2.309089580628242435e-04
-2.035733056391811704e-04
-1.781194817560750215e-04
-1.544985051265742053e-04
-1.326608364407298778e-04
-1.125564124642246109e-04
-9.413469691360229746e-05
-7.734475552124411499e-05
-6.213536690434506848e-05
-4.845518810216755252e-05
-3.625300679457884949e-05
-2.547813744287583560e-05
-1.608107056961685549e-05
-8.014601591510719198e-06
-1.235963607547837530e-06
