-1.020756010002319336e-03
-9.530128029152292466e-04
-8.879495320638615755e-04
-8.255278161753069714e-04
-7.657088131654524350e-04
-7.084532123195123963e-04
-6.537212268404839080e-04
-6.014725869004420135e-04
-5.516665333668868167e-04
-5.042618124173175445e-04
-4.592166713213543302e-04
-4.164888557361813657e-04
-3.760356089719172051e-04
-3.378136738157182413e-04
-3.017792976908637253e-04
-2.678882421847116643e-04
-2.360957983371627571e-04
-2.063568095969664398e-04
-1.786257050954555108e-04
-1.528565469920717965e-04
-1.290030973220830754e-04
-1.070189123861971768e-04
-8.685747692273509469e-05
-6.847239728554574715e-05
-5.181768497165834117e-05
-3.684818391670996305e-05
-2.352023765368689611e-05
-1.179278126834411159e-05
-1.629246423490003851e-06
