-1.388278528000911607e-03
-1.310700996220167704e-03
-1.235214309749529515e-03
-1.161802707929309982e-03
-1.090450392988625552e-03
-1.021141536589375729e-03
-9.538602873822169328e-04
-8.885907797270750901e-04
-8.253171437783521792e-04
-7.640235171658333376e-04
-7.046940585459695715e-04
-6.473129633690809454e-04
-5.918644822687179046e-04
-5.383329425837572301e-04
-4.867027736384151471e-04
-4.369585365624191562e-04
-3.890849596299196804e-04
-3.430669803666079880e-04
-2.988897960112146162e-04
-2.565389244023550666e-04
-2.160002779872877490e-04
-1.772602545401859872e-04
-1.403058494168043287e-04
-1.051247959468805946e-04
-7.170574315794179306e-05
-4.003848389398132699e-05
-1.011425231525791201e-05
