-2.445174096243762137e-03
-2.357451862126345131e-03
-2.271729068100054785e-03
-2.187987789139203814e-03
-2.106209960179931603e-03
-2.026377374111842846e-03
-1.948471679749552883e-03
-1.872474379772674086e-03
-1.798366828644133589e-03
-1.726130230500762339e-03
-1.655745637022899190e-03
-1.587193945276320524e-03
-1.520455895533683651e-03
-1.455512069074403050e-03
-1.392342885961944405e-03
-1.330928602803248392e-03
-1.271249310489090505e-03
-1.213284931918915321e-03
-1.157015219707975724e-03
-1.102419753885492109e-03
-1.049477939578477136e-03
-9.981690046881618907e-04
-9.484719975604437477e-04
-9.003657846527247152e-04
-8.538290482010087905e-04
-8.088402838891781306e-04
-7.653777985261198211e-04
-7.234197077335813688e-04
-6.829439336486952316e-04
-6.439282026471383194e-04
-6.063500430925557487e-04
-5.701867831163298997e-04
-5.354155484353805743e-04
-5.020132602151540502e-04
-4.699566329846527010e-04
-4.392221726122468332e-04
-4.097861743523364790e-04
-3.816247209715640295e-04
-3.547136809675741488e-04
-3.290287068924697793e-04
-3.045452337936664796e-04
-2.812384777906421266e-04
-2.590834348035402448e-04
-2.380548794543792702e-04
-2.181273641649156779e-04
-1.992752184781797263e-04
-1.814725486346312287e-04
-1.646932374418614642e-04
-1.489109444821161421e-04
-1.340991067136419561e-04
-1.202309395333547268e-04
-1.072794383872051457e-04
-9.521738103770784902e-05
-8.401733063131652020e-05
-7.365163975629240628e-05
-6.409245574773581044e-05
-5.531172759627609538e-05
-4.728121496387542540e-05
-3.997250003838082185e-05
-3.335700331417336401e-05
-2.740600496659055589e-05
-2.209067446050534938e-05
-1.738211273360072457e-05
-1.325141441102125688e-05
-9.669763552973146062e-06
-6.608589023871847858e-06
-4.039834245408394690e-06
-1.936469721295059449e-06
-2.736007536656617990e-07
