-2.436257059025674371e-03
-2.348615323922480062e-03
-2.262973616433337255e-03
-2.179314019813690089e-03
-2.097618477420643696e-03
-2.017868790710070689e-03
-1.940046617209084147e-03
-1.864133468458820803e-03
-1.790110707935937007e-03
-1.717959548945196179e-03
-1.647661052491916113e-03
-1.579196125127452395e-03
-1.512545516771873896e-03
-1.447689818518811157e-03
-1.384609460415200076e-03
-1.323284709224603400e-03
-1.263695666170317053e-03
-1.205822264664809657e-03
-1.149644268021962927e-03
-1.095141267157864837e-03
-1.042292678281074537e-03
-9.910777405750768876e-04
-9.414755138727518534e-04
-8.934648763322440308e-04
-8.470245221102555696e-04
-8.021329590405935732e-04
-7.587685063210282323e-04
-7.169092922108986563e-04
-6.765332517483684579e-04
-6.376181244861435678e-04
-6.001414522583344057e-04
-5.640805769789568064e-04
-5.294126384829046144e-04
-4.961145724134236002e-04
-4.641631081687987007e-04
-4.335347669125816307e-04
-4.042058596624373019e-04
-3.761524854652638404e-04
-3.493505296745109652e-04
-3.237756623410349330e-04
-2.994033367378331535e-04
-2.762087880336797693e-04
-2.541670321388882518e-04
-2.332528647484045112e-04
-2.134408606098065256e-04
-1.947053730519755278e-04
-1.770205338143331054e-04
-1.603602532257532081e-04
-1.446982207948857818e-04
-1.300079062857425419e-04
-1.162625613738131364e-04
-1.034352220046785853e-04
-9.149871161253513051e-05
-8.042564540966096718e-05
-7.018843603087460050e-05
-6.075930092512289282e-05
-5.211027204692449181e-05
-4.421320864456633731e-05
-3.703981432307261890e-05
-3.056166017288876872e-05
-2.475021677352193871e-05
-1.957689963986604861e-05
-1.501313585765348109e-05
-1.103046572351359330e-05
-7.600705598450729211e-06
-4.696225739736769918e-06
-2.290465412032602962e-06
-3.590068855993534324e-07
