-2.405282167128331480e-03
-2.317920650346514278e-03
-2.232561220916709499e-03
-2.149185991712260994e-03
-2.067776936248862628e-03
-1.988315886693457855e-03
-1.910784531848222587e-03
-1.835164415108085515e-03
-1.761436932392093559e-03
-1.689583330054008573e-03
-1.619584702764367400e-03
-1.551421991375376633e-03
-1.485075980759458869e-03
-1.420527297628419294e-03
-1.357756408335631477e-03
-1.296743616656667293e-03
-1.237469061555437552e-03
-1.179912714935017195e-03
-1.124054379377834034e-03
-1.069873685871357370e-03
-1.017350091531216832e-03
-9.664628773145604807e-04
-9.171911457350384383e-04
-8.695138185767695540e-04
-8.234096346157129430e-04
-7.788571473499723797e-04
-7.358347227445705607e-04
-6.943205369960739164e-04
-6.542925743242852896e-04
-6.157286247950425912e-04
-5.786062821845614802e-04
-5.429029418920408709e-04
-5.085957989089563832e-04
-4.756618458596950563e-04
-4.440778711223961387e-04
-4.138204570434909631e-04
-3.848659782654864896e-04
-3.571906001828289057e-04
-3.307702775485635380e-04
-3.055807532574908989e-04
-2.815975573339815586e-04
-2.587960061592908443e-04
-2.371512019812883638e-04
-2.166380327555222072e-04
-1.972311723809028964e-04
-1.789050814040368136e-04
-1.616340082899351898e-04
-1.453919913773011111e-04
-1.301528616747753384e-04
-1.158902466982957875e-04
-1.025775756153634292e-04
-9.018808605274367747e-05
-7.869483305373585935e-05
-6.807070086105566442e-05
-5.828841848391131026e-05
-4.932058044024138516e-05
-4.113967474063574695e-05
-3.371812127424052584e-05
-2.702832558388511492e-05
-2.104275620118801864e-05
-1.573405953239745327e-05
-1.107523756549392362e-05
-7.039937181606923900e-06
-3.602953641337039418e-06
-7.411902064202918600e-07
