-1.966026040144448154e-03
-1.882742966170049530e-03
-1.801494709217579468e-03
-1.722263974382235840e-03
-1.645033345870639159e-03
-1.569785286032381998e-03
-1.496502134451897347e-03
-1.425166107120752002e-03
-1.355759295696018669e-03
-1.288263666867076529e-03
-1.222661061840947180e-03
-1.158933195972172963e-03
-1.097061658557941122e-03
-1.037027912825113501e-03
-9.788132961413744792e-04
-9.223990204892612912e-04
-8.677661732414991211e-04
-8.148957182965333064e-04
-7.637684976255199563e-04
-7.143652333105656458e-04
-6.666665301540325482e-04
-6.206528789666776198e-04
-5.763046606530538869e-04
-5.336021512491987036e-04
-4.925255280917482329e-04
-4.530548773456083162e-04
-4.151702031656254611e-04
-3.788514388379522323e-04
-3.440784603353695356e-04
-3.108311028323657433e-04
-2.790891808813842495e-04
-2.488325131553984285e-04
-2.200409529313234911e-04
-1.926944258789135508e-04
-1.667729772359974273e-04
-1.422568312100484648e-04
-1.191264665263793744e-04
-9.736271364474148029e-05
-7.694688158884716240e-05
-5.786092609472565763e-05
-4.008767681249093698e-05
-2.361115130820807721e-05
-8.417000965470309171e-06
