-1.591722032893956064e-03
-1.512086147048500272e-03
-1.434519328258997443e-03
-1.359005142127457742e-03
-1.285527075705587483e-03
-1.214068539984439546e-03
-1.144612872849153345e-03
-1.077143342565051870e-03
-1.011643151882463208e-03
-9.480954428524918012e-04
-8.864833024730370444e-04
-8.267897692933285584e-04
-7.689978411494859979e-04
-7.130904842188082703e-04
-6.590506436314886012e-04
-6.068612559227514044e-04
-5.565052636814948233e-04
-5.079656328154467243e-04
-4.612253729734062317e-04
-4.162675617826157109e-04
-3.730753737430370629e-04
-3.316321148351988033e-04
-2.919212642111697602e-04
-2.539265247317968807e-04
-2.176318846746397827e-04
-1.830216937002353923e-04
-1.500807572420127735e-04
-1.187944550339953753e-04
-8.914889175395371464e-05
-6.113109115445614311e-05
-3.472925026130683471e-05
-9.933078481158589979e-06
