-2.451399430984053506e-03
-2.363621042173818902e-03
-2.277841684706340738e-03
-2.194043427840237752e-03
-2.112208200699817844e-03
-2.032317790265987262e-03
-1.954353839346653632e-03
-1.878297844514113281e-03
-1.804131154023972880e-03
-1.731834965702236731e-03
-1.661390324814025505e-03
-1.592778121904498204e-03
-1.525979090617949133e-03
-1.460973805495813455e-03
-1.397742679752983930e-03
-1.336265963034356363e-03
-1.276523739155419924e-03
-1.218495923821239120e-03
-1.162162262335522667e-03
-1.107502327293220963e-03
-1.054495516263442498e-03
-1.003121049462769865e-03
-9.533579674219348245e-04
-9.051851286503728809e-04
-8.585812072980467547e-04
-8.135246908209622149e-04
-7.699938776536893736e-04
-7.279668748900847792e-04
-6.874215959815055919e-04
-6.483357584504785207e-04
-6.106868816323197079e-04
-5.744522844438743059e-04
-5.396090831908640587e-04
-5.061341894155403165e-04
-4.740043077961899947e-04
-4.431959341033785377e-04
-4.136853532243205686e-04
-3.854486372617081788e-04
-3.584616437208349598e-04
-3.327000137948546996e-04
-3.081391707604092022e-04
-2.847543185002309276e-04
-2.625204401657840574e-04
-2.414122970006348185e-04
-2.214044273424346559e-04
-2.024711458288636534e-04
-1.845865428329423715e-04
-1.677244841595963210e-04
-1.518586110399572071e-04
-1.369623404687354742e-04
-1.230088659370666253e-04
-1.099711586287335021e-04
-9.782196916268304666e-05
-8.653382999024444053e-05
-7.607905858665595425e-05
-6.642976162527017270e-05
-5.755784039004417353e-05
-4.943499778310424887e-05
-4.203274743783849649e-05
-3.532242568463191069e-05
-2.927520749642586759e-05
-2.386212816650740544e-05
-1.905411353920588694e-05
-1.482202352222809000e-05
-1.113671719021509843e-05
-7.969154946173448328e-06
-5.290568663416897910e-06
-3.072767640312285346e-06
-1.288749262794804279e-06
