-2.105027596069580179e-03
-2.020431896426444843e-03
-1.937859890032132739e-03
-1.857294055233496815e-03
-1.778716741020861490e-03
-1.702110165509530294e-03
-1.627456414437458958e-03
-1.554737439674841503e-03
-1.483935057762682686e-03
-1.415030948474571950e-03
-1.348006653420356351e-03
-1.282843574689246152e-03
-1.219522973552226042e-03
-1.158025969226546704e-03
-1.098333537719590374e-03
-1.040426510765316221e-03
-9.842855748710970139e-04
-9.298912704936014399e-04
-8.772239913693338472e-04
-8.262639840233060220e-04
-7.769913474919005851e-04
-7.293860332926081986e-04
-6.834278456920961191e-04
-6.390964423157807035e-04
-5.963713351708897943e-04
-5.552318921538666220e-04
-5.156573391320273510e-04
-4.776267627148845607e-04
-4.411191138428021178e-04
-4.061132123644300160e-04
-3.725877528021089144e-04
-3.405213115624147985e-04
-3.098923559086255220e-04
-2.806792551011875569e-04
-2.528602942183018364e-04
-2.264136913279083199e-04
-2.013176188782556737e-04
-1.775502304581689931e-04
-1.550896944692104558e-04
-1.339142368083041457e-04
-1.140021954573000411e-04
-9.533209107000559625e-05
-7.788271943287005945e-05
-6.163327446353106948e-05
-4.656351486735121507e-05
-3.265399496686391769e-05
-1.988639300617403745e-05
-8.243993477763513088e-06
