-2.367982485033277677e-03
-2.280959633370526537e-03
-2.195941388934608343e-03
-2.112909902078124492e-03
-2.031847184551624670e-03
-1.952735107533922019e-03
-1.875555399638126515e-03
-1.800289644892029157e-03
-1.726919280697750136e-03
-1.655425595764873498e-03
-1.585789728026524258e-03
-1.517992662530061321e-03
-1.452015229311057849e-03
-1.387838101249177407e-03
-1.325441791906104829e-03
-1.264806653349666299e-03
-1.205912873965402175e-03
-1.148740476256780198e-03
-1.093269314638950539e-03
-1.039479073226104054e-03
-9.873492636188971067e-04
-9.368592226932746922e-04
-8.879881103943731502e-04
-8.407149075429054107e-04
-7.950184136587782214e-04
-7.508772448040848275e-04
-7.082698314593388568e-04
-6.671744164321810350e-04
-6.275690528165117112e-04
-5.894316020034946497e-04
-5.527397317633272415e-04
-5.174709144046135689e-04
-4.836024250322929667e-04
-4.511113399181677485e-04
-4.199745350058056497e-04
-3.901686845738945152e-04
-3.616702600888146058e-04
-3.344555292754027432e-04
-3.085005554529007062e-04
-2.837811971798405832e-04
-2.602731082705698573e-04
-2.379517382558607669e-04
-2.167923333768010665e-04
-1.967699382275038664e-04
-1.778593981874490701e-04
-1.600353628276558271e-04
-1.432722905272952618e-04
-1.275444546101146598e-04
-1.128259514137829939e-04
-9.909071084858629436e-05
-8.631251020891435224e-05
-7.446499230476895034e-05
-6.352168943292342020e-05
-5.345605540502888341e-05
-4.424150894227986592e-05
-3.585149353098392253e-05
-2.825956183457955335e-05
-2.143949804702415367e-05
-1.536550137020844823e-05
-1.001247312775284870e-05
-5.356491274190565247e-06
-1.375653508087161523e-06
