-1.685997973266467696e-03
-1.605427114416667529e-03
-1.526916041165104869e-03
-1.450448061833194396e-03
-1.376006392119877948e-03
-1.303574156344844024e-03
-1.233134389000712598e-03
-1.164670036664947365e-03
-1.098163960321658006e-03
-1.033598938158801234e-03
-9.709576689130288568e-04
-9.102227758500568621e-04
-8.513768114867980479e-04
-7.944022631729372608e-04
-7.392815596842839971e-04
-6.859970790026030012e-04
-6.345311574934612252e-04
-5.848661007457013530e-04
-5.369841963858890035e-04
-4.908677292600562882e-04
-4.464989994643834680e-04
-4.038603438331527309e-04
-3.629341616413867227e-04
-3.237029454916558733e-04
-2.861493186309781297e-04
-2.502560803097301904e-04
-2.160062613034338923e-04
-1.833831924245804090e-04
-1.523705898355190566e-04
-1.229526623995324803e-04
-9.511424838985399802e-05
-6.884099199916442419e-05
-4.411957489784538219e-05
-2.093802571261059407e-05
