-2.122375610366781986e-03
-2.037617570113183039e-03
-1.954881887920190391e-03
-1.874151016671767381e-03
-1.795407279035183797e-03
-1.718632865895800693e-03
-1.643809834797173210e-03
-1.570920108391835393e-03
-1.499945472913326045e-03
-1.430867576668055051e-03
-1.363667928555592056e-03
-1.298327896629607311e-03
-1.234828706698322138e-03
-1.173151440984063817e-03
-1.113277036847592875e-03
-1.055186285591158419e-03
-9.988598313544591774e-04
-9.442781701257747969e-04
-8.914216488824149107e-04
-8.402704648868955300e-04
-7.908046651690669483e-04
-7.430041462212267668e-04
-6.968486539526103996e-04
-6.523177839407881757e-04
-6.093909820418885823e-04
-5.680475454188882401e-04
-5.282666240703449891e-04
-4.900272229538966398e-04
-4.533082048157147667e-04
-4.180882938726187843e-04
-3.843460805150396048e-04
-3.520600272496160975e-04
-3.212084761460907273e-04
-2.917696581301185903e-04
-2.637217045510058797e-04
-2.370426615769316906e-04
-2.117105081338215499e-04
-1.877031783311584087e-04
-1.649985896262841530e-04
-1.435746784152065443e-04
-1.234094453664848722e-04
-1.044810137249281811e-04
-8.676770517259855490e-05
-7.024813992174115413e-05
-5.490137098502790989e-05
-4.070706790221744701e-05
-2.764577419198327793e-05
-1.569927868871739070e-05
-4.851170541001242597e-06
