-1.378564003393802041e-03
-1.301086215814083744e-03
-1.225700378524177854e-03
-1.152390767664607327e-03
-1.081141624701001305e-03
-1.011937163221699040e-03
-9.447615767817362127e-04
-8.795990479554232754e-04
-8.164337588030670190e-04
-7.552499029935790453e-04
-6.960316998675296568e-04
-6.387634108045402159e-04
-5.834293583150049461e-04
-5.300139483944028016e-04
-4.785016967910686288e-04
-4.288772600101088553e-04
-3.811254720822902049e-04
-3.352313884059932567e-04
-2.911803383425647812e-04
-2.489579887438440778e-04
-2.085504212697283032e-04
-1.699442272987762071e-04
-1.331266255648618326e-04
-9.808560956333929170e-05
-6.481013456065680433e-05
-3.329035824403838535e-05
-3.517955492696680724e-06
