-2.495885217177191799e-03
-2.407706616748822928e-03
-2.321524160456338477e-03
-2.237319878213984807e-03
-2.155075659201346073e-03
-2.074773249853134518e-03
-1.996394251820328338e-03
-1.919920119909635913e-03
-1.845332159992421964e-03
-1.772611526894406035e-03
-1.701739222257423693e-03
-1.632696092379102952e-03
-1.565462826031414380e-03
-1.500019952255488226e-03
-1.436347838138131742e-03
-1.374426686567961544e-03
-1.314236533972908518e-03
-1.255757248045669214e-03
-1.198968525447801714e-03
-1.143849889507809157e-03
-1.090380687902688973e-03
-1.038540090336069477e-03
-9.883070862064804400e-04
-9.396604822730387097e-04
-8.925789003217447738e-04
-8.470407748331174481e-04
-8.030243506561593296e-04
-7.605076806920724793e-04
-7.194686235909207800e-04
-6.798848414675185596e-04
-6.417337976384318837e-04
-6.049927543875095433e-04
-5.696387707640959090e-04
-5.356487004198278281e-04
-5.029991894911625206e-04
-4.716666745320957405e-04
-4.416273805072814911e-04
-4.128573188499116238e-04
-3.853322855950760202e-04
-3.590278595957236384e-04
-3.339194008309676596e-04
-3.099820488161067976e-04
-2.871907211252399728e-04
-2.655201120372809205e-04
-2.449446913160481130e-04
-2.254387031388007160e-04
-2.069761651829561450e-04
-1.895308678885204462e-04
-1.730763739064224334e-04
-1.575860177508605199e-04
-1.430329056695721563e-04
-1.293899157493381665e-04
-1.166296982729954937e-04
-1.047246763466006827e-04
-9.364704681411083545e-05
-8.336878147976710678e-05
-7.386162865711085491e-05
-6.509711506537414337e-05
-5.704654809375684504e-05
-4.968101845540152131e-05
-4.297140325266511851e-05
-3.688836947603003549e-05
-3.140237795956342897e-05
-2.648368781587498902e-05
-2.210236137446791984e-05
-1.822826964765137441e-05
-1.483109834948479848e-05
-1.188035449501401289e-05
-9.345373610385217995e-06
-7.195327591223475442e-06
-5.399233259558929471e-06
-3.925961697123486868e-06
-2.744248492715216047e-06
-1.822705181925022854e-06
-1.129832520476630080e-06
-6.340372913422510194e-07
-3.036580326216849291e-07
-1.070218965088758983e-07
-1.268423306510066711e-08
