-2.482760153358451894e-03
-2.394699437553893424e-03
-2.308635711630268456e-03
-2.224551016839457739e-03
-2.142427253860974042e-03
-2.062246180790929320e-03
-1.983989411105337945e-03
-1.907638411596670504e-03
-1.833174500286836178e-03
-1.760578844311706977e-03
-1.689832457786611406e-03
-1.620916199641901775e-03
-1.553810771442084996e-03
-1.488496715178123280e-03
-1.424954411043636822e-03
-1.363164075187252950e-03
-1.303105757449824799e-03
-1.244759339084191294e-03
-1.188104530459116025e-03
-1.133120868750732641e-03
-1.079787715623471093e-03
-1.028084254900359790e-03
-9.779894902285882641e-04
-9.294822427386006253e-04
-8.825411487043534429e-04
-8.371446572053226672e-04
-7.932710277922619966e-04
-7.508983281637876539e-04
-7.100044318546714630e-04
-6.705670159424909852e-04
-6.325635587753760617e-04
-5.959713377280265786e-04
-5.607674269887451355e-04
-5.269286953850317503e-04
-4.944318042543533647e-04
-4.632532053655211970e-04
-4.333691388990507532e-04
-4.047556314917565880e-04
-3.773884943587394228e-04
-3.512433214954261448e-04
-3.262954879746519433e-04
-3.025201483445009868e-04
-2.798922351410250962e-04
-2.583864575246790475e-04
-2.379773000546760132e-04
-2.186390216128502272e-04
-2.003456544920258903e-04
-1.830710036630447306e-04
-1.667886462365765292e-04
-1.514719311371504030e-04
-1.370939790073163469e-04
-1.236276823619770224e-04
-1.110457060147720541e-04
-9.932048779967993961e-05
-8.842423961524567403e-05
-7.832894882027679540e-05
-6.900638001557069749e-05
-6.042807725187043962e-05
-5.256536671193722665e-05
-4.538935992754847450e-05
-3.887095760777749688e-05
-3.298085418206539736e-05
-2.768954320061257823e-05
-2.296732379785547376e-05
-1.878430852790113209e-05
-1.511043305529476359e-05
-1.191546849103318743e-05
-9.169037727082108793e-06
-6.840638213095119058e-06
-4.899675869144242400e-06
-3.315519854055129648e-06
-2.057600348700211638e-06
-1.095606911090254662e-06
-3.999687105499715376e-07
