-1.917472490459170599e-03
-1.834653023880384107e-03
-1.753872447165986601e-03
-1.675113554929663628e-03
-1.598359024607328479e-03
-1.523591415749041451e-03
-1.450793169399499337e-03
-1.379946607588302320e-03
-1.311033932942075450e-03
-1.244037228440943166e-03
-1.178938457342406168e-03
-1.115719463296911511e-03
-1.054361970688749619e-03
-9.948475852369971940e-04
-9.371577948978904431e-04
-8.812739711196207167e-04
-8.271773705078983539e-04
-7.748491369695569876e-04
-7.242703044183139644e-04
-6.754218001406712187e-04
-6.282844489384434988e-04
-5.828389781915052463e-04
-5.390660240126790440e-04
-4.969461387058636982e-04
-4.564597997855938602e-04
-4.175874208792323700e-04
-3.803093649114351149e-04
-3.446059600721545330e-04
-3.104575192074868857e-04
-2.778443634467745393e-04
-2.467468511233403706e-04
-2.171454133720254612e-04
-1.890205982320596230e-04
-1.623531257216710927e-04
-1.371239572430346296e-04
-1.133143839862013760e-04
-9.090614094000661375e-05
-6.988155607402545325e-05
-5.022374888442477921e-05
-3.191689998018542532e-05
-1.494662595854348991e-05
