-1.775251428081730479e-03
-1.693805820934605501e-03
-1.614411638562639889e-03
-1.537051972833198979e-03
-1.461709812022161156e-03
-1.388368041141490022e-03
-1.317009442475644511e-03
-1.247616696350888413e-03
-1.180172382175180340e-03
-1.114658979794020581e-03
-1.051058871200886286e-03
-9.893543426693670716e-04
-9.295275873683792826e-04
-8.715607085341102456e-04
-8.154357233015666322e-04
-7.611345672957491211e-04
-7.086391001237988489e-04
-6.579311119171672110e-04
-6.089923311235510362e-04
-5.618044337776558882e-04
-5.163490545354027092e-04
-4.726077998250589906e-04
-4.305622635491317390e-04
-3.901940458813581321e-04
-3.514847758469119413e-04
-3.144161385575900769e-04
-2.789699082259546265e-04
-2.451279884168519867e-04
-2.128724614541364489e-04
-1.821856495385192889e-04
-1.530501910308405670e-04
-1.254491366462144695e-04
-9.936607220080290984e-05
-7.478527739290845777e-05
-5.169193447826496847e-05
-3.007240764757885613e-05
-9.914625329910357757e-06
