-2.387421967836699487e-03
-2.300222445525362033e-03
-2.215026211706683582e-03
-2.131815396947934604e-03
-2.050571992806502538e-03
-1.971277849848131550e-03
-1.893914675637843430e-03
-1.818464032710871876e-03
-1.744907336513508217e-03
-1.673225853323334275e-03
-1.603400698147890244e-03
-1.535412832597533774e-03
-1.469243062740751898e-03
-1.404872036939325015e-03
-1.342280243662789981e-03
-1.281448009289559709e-03
-1.222355495891184942e-03
-1.164982699003975098e-03
-1.109309445391227318e-03
-1.055315390794537601e-03
-1.002980017683463088e-03
-9.522826330000118238e-04
-9.032023659060405777e-04
-8.557181655367718937e-04
-8.098087987620019310e-04
-7.654528479645618649e-04
-7.226287088379689059e-04
-6.813145882124652022e-04
-6.414885019129076740e-04
-6.031282726606771068e-04
-5.662115280272656329e-04
-5.307156984470824679e-04
-4.966180153078061238e-04
-4.638955091236997719e-04
-4.325250078150010436e-04
-4.024831351074551465e-04
-3.737463090735899593e-04
-3.462907408408886557e-04
-3.200924334958825932e-04
-2.951271812196935027e-04
-2.713705686932770932e-04
-2.487979708273300224e-04
-2.273845528719123854e-04
-2.071052709868027300e-04
-1.879348733609622788e-04
-1.698479020016282982e-04
-1.528186953407497544e-04
-1.368213918529363532e-04
-1.218299349355543381e-04
-1.078180793847942739e-04
-9.475939991785960279e-05
-8.262730235531878104e-05
-7.139503832065748231e-05
-6.103572467654208252e-05
-5.152236946837283985e-05
-4.282790701654108590e-05
-3.492524620611770359e-05
-2.778733838584919089e-05
-2.138727542862716479e-05
-1.569843612035637902e-05
-1.069471393300331518e-05
-6.350890628040984466e-06
-2.643293082784485345e-06
