-2.455329348474353558e-03
-2.367515529377721938e-03
-2.281700484191048154e-03
-2.197866278591796476e-03
-2.115994838062806600e-03
-2.036067945886415979e-03
-1.958067241109513832e-03
-1.881974216484050538e-03
-1.807770216380828396e-03
-1.735436434681212172e-03
-1.664953912639548835e-03
-1.596303536727758463e-03
-1.529466036449825305e-03
-1.464421982142139790e-03
-1.401151782746901803e-03
-1.339635683568575269e-03
-1.279853764012378603e-03
-1.221785935304090659e-03
-1.165411938197130973e-03
-1.110711340662877151e-03
-1.057663535574627535e-03
-1.006247738377337615e-03
-9.564429847542682030e-04
-9.082281282889036623e-04
-8.615818381252061085e-04
-8.164825966318106816e-04
-7.729086970707022605e-04
-7.308382412765617028e-04
-6.902491373497132926e-04
-6.511190973687797307e-04
-6.134256351252727031e-04
-5.771460638894006668e-04
-5.422574942095851301e-04
-5.087368317543451701e-04
-4.765607752027964362e-04
-4.457058141916553015e-04
-4.161482273262994682e-04
-3.878640802675799347e-04
-3.608292239011255697e-04
-3.350192926022700353e-04
-3.104097026090542593e-04
-2.869756505148068123e-04
-2.646921118968386570e-04
-2.435338400979453525e-04
-2.234753651772856790e-04
-2.044909930552647173e-04
-1.865548048727723701e-04
-1.696406565962424191e-04
-1.537221788975677832e-04
-1.387727773505555943e-04
-1.247656329882659582e-04
-1.116737032785424980e-04
-9.946972358812129799e-05
-8.812620922437717911e-05
-7.761545816991374629e-05
-6.790955466239453561e-05
-5.898037382453861322e-05
-5.079958762811411589e-05
-4.333867259225230347e-05
-3.656891979768976810e-05
-3.046144808363734178e-05
-2.498722175974441752e-05
-2.011707494960433400e-05
-1.582174606078873619e-05
-1.207192841410454201e-05
-8.838348014047839194e-06
-6.091889805538080470e-06
-3.803817511859499579e-06
-1.946193535168061975e-06
-4.927936327677007419e-07
