-2.377899507280948743e-03
-2.290786481385788387e-03
-2.205677388476086874e-03
-2.122554368741076756e-03
-2.041399423557330867e-03
-1.962194413509876084e-03
-1.884921056392345126e-03
-1.809560925180940527e-03
-1.736095445984298536e-03
-1.664505895970824160e-03
-1.594773401272938339e-03
-1.526878934871113208e-03
-1.460803314455533112e-03
-1.396527200272166961e-03
-1.334031092946974615e-03
-1.273295331299095171e-03
-1.214300090135662143e-03
-1.157025378038853804e-03
-1.101451035140181382e-03
-1.047556730890896685e-03
-9.953219618266254728e-04
-9.447260493330229174e-04
-8.957481374158490208e-04
-8.483671904764521470e-04
-8.025619911029385723e-04
-7.583111378780611929e-04
-7.155930432122188959e-04
-6.743859312074731126e-04
-6.346678355623969420e-04
-5.964165975234251649e-04
-5.596098638958894780e-04
-5.242250851260749338e-04
-4.902395134659478810e-04
-4.576302012377636975e-04
-4.263739992156972904e-04
-3.964475551463469364e-04
-3.678273124306501315e-04
-3.404895089984104491e-04
-3.144101764086348720e-04
-2.895651392158785542e-04
-2.659300146544445924e-04
-2.434802126984808644e-04
-2.221909365732933786e-04
-2.020371838100841954e-04
-1.829937479589647848e-04
-1.650352211065183022e-04
-1.481359973868216827e-04
-1.322702777287584268e-04
-1.174120761633609303e-04
-1.035352281201605827e-04
-9.061340129934478246e-05
-7.862010992783966098e-05
-6.752873354030456971e-05
-5.731254192571316963e-05
-4.794472865717020566e-05
-3.939845686333270577e-05
-3.164692294766262000e-05
-2.466344748015222063e-05
-1.842160881118153084e-05
-1.289544698302108613e-05
-8.059790000616485445e-06
-3.890808918584648011e-06
-3.670437966948421855e-07
