-2.393550944053684983e-03
-2.306295796296309146e-03
-2.221043523721295300e-03
-2.137776250771705570e-03
-2.056475962759457543e-03
-1.977124503878483017e-03
-1.899703575194211253e-03
-1.824194732608315928e-03
-1.750579384797260833e-03
-1.678838791128567810e-03
-1.608954059553196689e-03
-1.540906144475516276e-03
-1.474675844602854613e-03
-1.410243800773096096e-03
-1.347590493767475764e-03
-1.286696242101042923e-03
-1.227541199801960095e-03
-1.170105354175606654e-03
-1.114368523556117426e-03
-1.060310355051455756e-03
-1.007910322280816283e-03
-9.571477231083864176e-04
-9.080016773776935102e-04
-8.604511246517275577e-04
-8.144748219579345857e-04
-7.700513415493702787e-04
-7.271590686821239073e-04
-6.857761994178928179e-04
-6.458807384580444316e-04
-6.074504970157990069e-04
-5.704630907340986230e-04
-5.348959376637722231e-04
-5.007262563064951823e-04
-4.679310637392117061e-04
-4.364871738334383093e-04
-4.063711955850413159e-04
-3.775595315760058371e-04
-3.500283765871960552e-04
-3.237537163903525593e-04
-2.987113267512016236e-04
-2.748767726778040795e-04
-2.522254079596895947e-04
-2.307323750522052071e-04
-2.103726053701535396e-04
-1.911208200731307405e-04
-1.729515314429708390e-04
-1.558390449823956938e-04
-1.397574623996361153e-04
-1.246806856924795271e-04
-1.105824226137097806e-04
-9.743619389453151390e-05
-8.521534273908321143e-05
-7.389304729838645867e-05
-6.344233712420889980e-05
-5.383611504667912392e-05
-4.504718660353936033e-05
-3.704830025225245850e-05
-2.981220341691296461e-05
-2.331172256139285719e-05
-1.751988114359774232e-05
-1.241008011150854370e-05
-7.956387696592845147e-06
-4.134034578445198404e-06
-9.203341597273087928e-07
