-1.710839648900175369e-03
-1.630024323327438057e-03
-1.551266415967944047e-03
-1.474549172380383534e-03
-1.399855742233943774e-03
-1.327169180272862398e-03
-1.256472447560718969e-03
-1.187748413041779571e-03
-1.120979855471330956e-03
-1.056149465769020074e-03
-9.932398498641312537e-04
-9.322335321052634734e-04
-8.731129593307803945e-04
-8.158605057061635345e-04
-7.604584784581192502e-04
-7.068891246634857392e-04
-6.551346392747347440e-04
-6.051771746130192847e-04
-5.569988516045342418e-04
-5.105817730950148407e-04
-4.659080396658056458e-04
-4.229597684666156323e-04
-3.817191157225999416e-04
-3.421683037358037144e-04
-3.042896534407824537e-04
-2.680656238733694716e-04
-2.334788603295379333e-04
-2.005122535647929898e-04
-1.691490131810269109e-04
-1.393727594862461305e-04
-1.111676397543395663e-04
-8.451847725165344564e-05
-5.941096508977060001e-05
-3.583192272732212483e-05
-1.376964222443775691e-05
