-2.476574595900071091e-03
-2.388569492579953931e-03
-2.302561779481479207e-03
-2.218533503276987756e-03
-2.136466570148015231e-03
-2.056342743773018934e-03
-1.978143643291671149e-03
-1.901850741242563925e-03
-1.827445361475417765e-03
-1.754908677035737705e-03
-1.684221708030761693e-03
-1.615365319465904802e-03
-1.548320219062515905e-03
-1.483066955050653911e-03
-1.419585913944543644e-03
-1.357857318295644039e-03
-1.297861224428347848e-03
-1.239577520159069633e-03
-1.182985922500677956e-03
-1.128065975352302757e-03
-1.074797047179528245e-03
-1.023158328682960330e-03
-9.731288304638236559e-04
-9.246873806810372489e-04
-8.778126227105181910e-04
-8.324830128052299310e-04
-7.886768177593159743e-04
-7.463721125838783388e-04
-7.055467781926019755e-04
-6.661784991076002103e-04
-6.282447611849646934e-04
-5.917228493690670880e-04
-5.565898454783432814e-04
-5.228226260300222446e-04
-4.903978601092464674e-04
-4.592920072903896797e-04
-4.294813156169889276e-04
-4.009418196478205178e-04
-3.736493385793846758e-04
-3.475794744524255764e-04
-3.227076104516825154e-04
-2.990089093120037534e-04
-2.764583118377249011e-04
-2.550305355530585547e-04
-2.347000734908499743e-04
-2.154411931375677873e-04
-1.972279355480054802e-04
-1.800341146464500529e-04
-1.638333167326883641e-04
-1.485989002110510774e-04
-1.343039955662394516e-04
-1.209215056081629794e-04
-1.084241060136650680e-04
-9.678424619651142008e-05
-8.597415054116384512e-05
-7.596582004404401755e-05
-6.673103441343964954e-05
-5.824135469419769201e-05
-5.046812650004172280e-05
-4.338248396419029608e-05
-3.695535455912205350e-05
-3.115746499816106981e-05
-2.595934852895387309e-05
-2.133135408733100906e-05
-1.724365804533741888e-05
-1.366627974917988020e-05
-1.056910288353705757e-05
-7.921906309303410835e-06
-5.694411309414775416e-06
-3.856359437891636186e-06
-2.377652921784880972e-06
-1.228639447022863353e-06
-3.807951591851746212e-07
