-1.238346749670036964e-03
-1.162324258444845122e-03
-1.088410396655199730e-03
-1.016590026651181420e-03
-9.468480170665288798e-04
-8.791692540816471724e-04
-8.135386543982038544e-04
-7.499411802072038224e-04
-6.883618565083367670e-04
-6.287857912109311685e-04
-5.711981985418282436e-04
-5.155844264086365111e-04
-4.619299885241474413e-04
-4.102206023028364974e-04
-3.604422337982505511e-04
-3.125811513093889899e-04
-2.666239897467297354e-04
-2.225578284846924072e-04
-1.803702863014290528e-04
-1.400496382156366437e-04
-1.015849607686113111e-04
-6.496631479087698711e-05
-3.018497839492437131e-05
