-2.460893648160170956e-03
-2.373029688983500484e-03
-2.287164140015626214e-03
-2.203279061897594517e-03
-2.121356374996942809e-03
-2.041377857395866146e-03
-1.963325142858729760e-03
-1.887179718771638676e-03
-1.812922924054419585e-03
-1.740535947049911668e-03
-1.669999823388572738e-03
-1.601295433828571133e-03
-1.534403502073257691e-03
-1.469304592566188011e-03
-1.405979108266842883e-03
-1.344407288404838793e-03
-1.284569206217606088e-03
-1.226444766669294384e-03
-1.170013704154248060e-03
-1.115255580191624020e-03
-1.062149781102385108e-03
-1.010675515680706195e-03
-9.608118128584205477e-04
-9.125375193645987940e-04
-8.658312973856089343e-04
-8.206716222247524388e-04
-7.770367799703901870e-04
-7.349048651708275405e-04
-6.942537785253579318e-04
-6.550612245913146978e-04
-6.173047095154848276e-04
-5.809615387934581555e-04
-5.460088150625954945e-04
-5.124234359365465417e-04
-4.801820918853040034e-04
-4.492612641723056741e-04
-4.196372228513797591e-04
-3.912860248374169206e-04
-3.641835120568830261e-04
-3.383053096893610771e-04
-3.136268245123209489e-04
-2.901232433603693323e-04
-2.677695317131735487e-04
-2.465404324269922253e-04
-2.264104646266020806e-04
-2.073539227758532794e-04
-1.893448759481024994e-04
-1.723571673204313715e-04
-1.563644139189159703e-04
-1.413400066464279542e-04
-1.272571106306492048e-04
-1.140886659371770752e-04
-1.018073887023965870e-04
-9.038577275357019471e-05
-7.979609180280719744e-05
-7.001040232586064436e-05
-6.100054727375447733e-05
-5.273816081726917163e-05
-4.519467440309001493e-05
-3.834132451937483717e-05
-3.214916275350666918e-05
-2.658906902281698504e-05
-2.163176935164660931e-05
-1.724786041441168114e-05
-1.340784458322405231e-05
-1.008218208595028365e-05
-7.241372644144254906e-06
-4.856091484817068309e-06
-2.897434728447843442e-06
-1.337412204399605485e-06
-1.501063401921866109e-07
