-2.144903770518172791e-03
-2.059935393981698545e-03
-1.976987658487128902e-03
-1.896042984726309952e-03
-1.817083662119624472e-03
-1.740091847190583345e-03
-1.665049561937501782e-03
-1.591938692217842715e-03
-1.520740986136642423e-03
-1.451438052455421941e-03
-1.384011359018058650e-03
-1.318442231207131747e-03
-1.254711850428963296e-03
-1.192801252647896371e-03
-1.132691326967258730e-03
-1.074362814275120568e-03
-1.017796305968222395e-03
-9.629722427605628271e-04
-9.098709136069511741e-04
-8.584724547485161764e-04
-8.087568489122014866e-04
-7.607039246870257862e-04
-7.142933561117110423e-04
-6.695046625118162599e-04
-6.263172086276682423e-04
-5.847102050932285371e-04
-5.446627093235495605e-04
-5.061536268933372260e-04
-4.691617134971286782e-04
-4.336655776074823678e-04
-3.996436839666664886e-04
-3.670743580899404608e-04
-3.359357919896500109e-04
-3.062060513896983256e-04
-2.778630847686202839e-04
-2.508847346638162648e-04
-2.252487517896176422e-04
-2.009328126958636425e-04
-1.779145419183225717e-04
-1.561715398922398348e-04
-1.356814183541488401e-04
-1.164218456030568572e-04
-9.837060494550373319e-05
-8.150567107864099381e-05
-6.580531136922364212e-05
-5.124822247821542382e-05
-3.781371851791627905e-05
-2.548199671358798864e-05
-1.423452406063674037e-05
-4.054621635984304723e-06
