-1.790936576258621467e-03
-1.709338261058524107e-03
-1.629789941975967257e-03
-1.552274675345594306e-03
-1.476775412191220225e-03
-1.403274998418724143e-03
-1.331756175195838434e-03
-1.262201579552739688e-03
-1.194593745230577422e-03
-1.128915103822078188e-03
-1.065147986241719814e-03
-1.003274624584827180e-03
-9.432771544312972467e-04
-8.851376176693989510e-04
-8.288379659229815934e-04
-7.743600646829526578e-04
-7.216856982672840677e-04
-6.707965757509311766e-04
-6.216743380429050943e-04
-5.743005663218616122e-04
-5.286567920911924021e-04
-4.847245091693676549e-04
-4.424851880135121512e-04
-4.019202928644277509e-04
-3.630113023332388455e-04
-3.257397342115411938e-04
-2.900871755103490547e-04
-2.560353190252866000e-04
-2.235660081287436842e-04
-1.926612920436177815e-04
-1.633034946291929152e-04
-1.354753008208124871e-04
-1.091598664736608226e-04
-8.434095976851572953e-05
-6.100314599034412723e-05
-3.913203324368799859e-05
-1.871460598019511788e-05
