-1.924535929125435231e-03
-1.841648850061132145e-03
-1.760800062061013312e-03
-1.681972346359531661e-03
-1.605148366447258640e-03
-1.530310667321360067e-03
-1.457441674821753890e-03
-1.386523695071534799e-03
-1.317538914033734160e-03
-1.250469397208254282e-03
-1.185297089484141104e-03
-1.122003815182590373e-03
-1.060571278310143330e-03
-1.000981063063064499e-03
-9.432146346219738402e-04
-8.872533402832064086e-04
-8.330784109829019075e-04
-7.806709632814656796e-04
-7.300120018870459018e-04
-6.810824228083437381e-04
-6.338630172547267535e-04
-5.883344764139229960e-04
-5.444773972782640222e-04
-5.022722897121051138e-04
-4.616995850147223059e-04
-4.227396462759950603e-04
-3.853727809117180850e-04
-3.495792558461638432e-04
-3.153393159503977729e-04
-2.826332065057207427e-04
-2.514412006851563528e-04
-2.217436333534957287e-04
-1.935209429071265677e-04
-1.667537234533950172e-04
-1.414227904699507147e-04
-1.175092642804096929e-04
-9.499467747435747563e-05
-7.386111509386124319e-05
-5.409140062113700060e-05
-3.566934756480560388e-05
-1.858010771803972377e-05
-2.810666788027027819e-06
