-1.090345362772278523e-03
-1.015892183853198518e-03
-9.435668590602303528e-04
-8.733549980419919468e-04
-8.052422743169017263e-04
-7.392144433892315538e-04
-6.752573636747440360e-04
-6.133570207514510431e-04
-5.534995555681612939e-04
-4.956712974014833685e-04
-4.398588025339997612e-04
-3.860488998829259889e-04
-3.342287451393796682e-04
-2.843858854041039384e-04
-2.365083369052035163e-04
-1.905846791664771438e-04
-1.466041701100356440e-04
-1.045568881215162095e-04
-6.443390931927025632e-05
-2.622753151830678963e-05
