-1.992836265101907440e-03
-1.909298346053917537e-03
-1.827793037771993298e-03
-1.748302998308854609e-03
-1.670810762961186420e-03
-1.595298743167412360e-03
-1.521749225464728459e-03
-1.450144370503347619e-03
-1.380466212137344264e-03
-1.312696656599973309e-03
-1.246817481781767583e-03
-1.182810336624077639e-03
-1.120656740655075071e-03
-1.060338083682968620e-03
-1.001835625679498194e-03
-9.451304968822933118e-04
-8.902036981516587731e-04
-8.370361016290574782e-04
-7.856084517427017622e-04
-7.359013666227841744e-04
-6.878953400007531372e-04
-6.415707436712623189e-04
-5.969078306263866105e-04
-5.538867389812212293e-04
-5.124874968418381260e-04
-4.726900283025960549e-04
-4.344741607932731879e-04
-3.978196340583320910e-04
-3.627061111185496032e-04
-3.291131916484112976e-04
-2.970204283303330608e-04
-2.664073468959611470e-04
-2.372534707772408534e-04
-2.095383515749765682e-04
-1.832416069504706258e-04
-1.583429680881604266e-04
-1.348223396774747237e-04
-1.126598764976958681e-04
-9.183608239457081393e-05
-7.233194002890207253e-05
-5.412908383446896516e-05
-3.721003518471997638e-05
-2.155852978545428185e-05
-7.159986643690560542e-06
