-2.320456253343617173e-03
-2.233866891287849231e-03
-2.149285411448247345e-03
-2.066694014930710310e-03
-1.986074765376946282e-03
-1.907409587035178815e-03
-1.830680262808130187e-03
-1.755868432281007703e-03
-1.682955589725923127e-03
-1.611923082092859335e-03
-1.542752106976301831e-03
-1.475423710572380896e-03
-1.409918785615106628e-03
-1.346218069305283455e-03
-1.284302141226364991e-03
-1.224151421253895627e-03
-1.165746167461191671e-03
-1.109066474020658794e-03
-1.054092269112359747e-03
-1.000803312836388717e-03
-9.491791951384147318e-04
-8.991993337531436602e-04
-8.508429721719647666e-04
-8.040891776419928231e-04
-7.589168392064659253e-04
-7.153046657937109018e-04
-6.732311843690580444e-04
-6.326747381603729488e-04
-5.936134849731676327e-04
-5.560253956135304638e-04
-5.198882524380816486e-04
-4.851796480574618311e-04
-4.518769842191089716e-04
-4.199574709058793314e-04
-3.893981256892467720e-04
-3.601757733870360125e-04
-3.322670460847914958e-04
-3.056483835916120315e-04
-2.802960344194377600e-04
-2.561860573966864602e-04
-2.332943240499765964e-04
-2.115965219300626845e-04
-1.910681590996570812e-04
-1.716845700673828032e-04
-1.534209235368867816e-04
-1.362522324610242078e-04
-1.201533670513438138e-04
-1.050990716335931726e-04
-9.106398657453134446e-05
-7.802267700897678538e-05
-6.594967084987200627e-05
-5.481950973298176728e-05
-4.460681841489129006e-05
-3.528640121674048212e-05
-2.683337938434199823e-05
-1.922339272365871000e-05
-1.243290692522612861e-05
-6.439704828027685785e-06
-1.223722037801147087e-06
