-2.481611341948725298e-03
-2.393560952043360685e-03
-2.307507626286536828e-03
-2.223433406933416571e-03
-2.141320195681080223e-03
-2.061149751658024418e-03
-1.982903689388214319e-03
-1.906563476726375614e-03
-1.832110432771165767e-03
-1.759525725752137271e-03
-1.688790370890413126e-03
-1.619885228239855129e-03
-1.552791000501530872e-03
-1.487488230819311065e-03
-1.423957300552744802e-03
-1.362178427032770169e-03
-1.302131661296091663e-03
-1.243796885806501855e-03
-1.187153812157239934e-03
-1.132181978763749635e-03
-1.078860748543271917e-03
-1.027169306585733882e-03
-9.770866578175069032e-04
-9.285916246618553232e-04
-8.816628446989284960e-04
-8.362787683260075036e-04
-7.924176564234980359e-04
-7.500575780313420210e-04
-7.091764080371408064e-04
-6.697518248817537281e-04
-6.317613082870016106e-04
-5.951821370109004359e-04
-5.599913866344306606e-04
-5.261659273869349202e-04
-4.936824220161224134e-04
-4.625173237092310955e-04
-4.326468740726883240e-04
-4.040471011775662600e-04
-3.766938176803335918e-04
-3.505626190256317071e-04
-3.256288817436101533e-04
-3.018677618479481055e-04
-2.792541933500470664e-04
-2.577628868966251271e-04
-2.373683285459195636e-04
-2.180447786943840946e-04
-1.997662711685143039e-04
-1.825066124966917428e-04
-1.662393813771194655e-04
-1.509379283598687377e-04
-1.365753757612175781e-04
-1.231246178314627300e-04
-1.105583211981740364e-04
-9.884892561002815812e-05
-8.796864500921846262e-05
-7.788946896382231016e-05
-6.858316449749986754e-05
-6.002127835985295615e-05
-5.217513979120694500e-05
-4.501586384957283573e-05
-3.851435538718369532e-05
-3.264131379602796141e-05
-2.736723868893193874e-05
-2.266243675942892404e-05
-1.849703018889354260e-05
-1.484096718300130437e-05
-1.166403559660347667e-05
-8.935881304609819055e-06
-6.626034341248793606e-06
-4.703948680095191635e-06
-3.139067994824894775e-06
-1.900946097252299049e-06
-9.594987861740656140e-07
-2.856406161823300027e-07
