-1.669229252662018850e-03
-1.588823857373941866e-03
-1.510479863805297375e-03
-1.434180623792873002e-03
-1.359909398854152905e-03
-1.287649361629033011e-03
-1.217383597657974376e-03
-1.149095107540986033e-03
-1.082766809542664872e-03
-1.018381542706332191e-03
-9.559220705617204206e-04
-8.953710855157581607e-04
-8.367112140452187975e-04
-7.799250228191581275e-04
-7.249950259130427416e-04
-6.719036933113425349e-04
-6.206334609246753724e-04
-5.711667424106479452e-04
-5.234859431468012921e-04
-4.775734767800725788e-04
-4.334117848908225577e-04
-3.909833604394281621e-04
-3.502707758379465866e-04
-3.112567167278957724e-04
-2.739240228510839148e-04
-2.382557378276301441e-04
-2.042351702289805821e-04
-1.718459691470017238e-04
-1.410722186009892055e-04
-1.118985567826468212e-04
-8.431032858651679848e-05
-5.829378356868653764e-05
-3.383633723359129146e-05
-1.092692277104346047e-05
