-1.660782704652820005e-03
-1.580460790866495234e-03
-1.502201098446872933e-03
-1.425987001505531681e-03
-1.351801785028041835e-03
-1.279628646418781452e-03
-1.209450697392541437e-03
-1.141250966268275583e-03
-1.075012400717101184e-03
-1.010717871046603938e-03
-9.483501740957208433e-04
-8.878920378431020676e-04
-8.293261268450367743e-04
-7.726350486410974751e-04
-7.178013612984040712e-04
-6.648075822919846016e-04
-6.136361989655847622e-04
-5.642696808721625254e-04
-5.166904943569537983e-04
-4.708811198347851953e-04
-4.268240723195533049e-04
-3.845019259126824466e-04
-3.438973431390808066e-04
-3.049931102667017874e-04
-2.677721800840656037e-04
-2.322177240496515907e-04
-1.983131963564603172e-04
-1.660424133156152742e-04
-1.353896526972877114e-04
-1.063397794585654676e-04
-7.887840693533145972e-05
-5.299210661167908995e-05
-2.866868587882304018e-05
-5.897563362187345851e-06
