-2.332079731800797834e-03
-2.245384145424805886e-03
-2.160695633544586821e-03
-2.077996384534167885e-03
-1.997268449006989969e-03
-1.918493737873333462e-03
-1.841654020378987421e-03
-1.766730922117758446e-03
-1.693705923023978641e-03
-1.622560355347331309e-03
-1.553275401605531611e-03
-1.485832092520375340e-03
-1.420211304939984071e-03
-1.356393759743428767e-03
-1.294360019736150256e-03
-1.234090487533958053e-03
-1.175565403442403126e-03
-1.118764843328720398e-03
-1.063668716497199063e-03
-1.010256763565240724e-03
-9.585085543495510231e-04
-9.084034857641683745e-04
-8.599207797376569491e-04
-8.130394811570341301e-04
-7.677384558436130876e-04
-7.239963885722285096e-04
-6.817917811403237079e-04
-6.411029505026117877e-04
-6.019080269814236711e-04
-5.641849525687103436e-04
-5.279114793387407320e-04
-4.930651679913634379e-04
-4.596233865507898448e-04
-4.275633092489457862e-04
-3.968619156277432562e-04
-3.674959899023145962e-04
-3.394421206334315958e-04
-3.126767007715963633e-04
-2.871759281435733646e-04
-2.629158064752442920e-04
-2.398721470599941158e-04
-2.180205712169120172e-04
-1.973365137154404895e-04
-1.777952273962046911e-04
-1.593717892841138182e-04
-1.420411085812384329e-04
-1.257779370565380349e-04
-1.105568825246936810e-04
-9.635242636727795189e-05
-8.313894641957648665e-05
-7.089074710565138580e-05
-5.958209955361044516e-05
-4.918729575639232645e-05
-3.968072299972297007e-05
-3.103696839624157933e-05
-2.323096969187751795e-05
-1.623824015745258209e-05
-1.003521817605908218e-05
-4.599840343654840226e-06
