-1.217677420637736790e-03
-1.141871990398782765e-03
-1.068177769673618258e-03
-9.965797166438658192e-04
-9.270628028349429299e-04
-8.596120251896809030e-04
-7.942124199714603637e-04
-7.308490788144922541e-04
-6.695071673017464163e-04
-6.101719465462601645e-04
-5.528287983381356165e-04
-4.974632545777451327e-04
-4.440610318716231683e-04
-3.926080724006205118e-04
-3.430905924680302532e-04
-2.954951405195017445e-04
-2.498086669650192017e-04
-2.060186088406620549e-04
-1.641129933442604205e-04
-1.240805656691595623e-04
-8.591094854458784184e-05
-4.959484379351573110e-05
-1.512429053956371045e-05
