-2.261023021588723456e-03
-2.174978916393616093e-03
-2.090946893491686664e-03
-2.008909222442597023e-03
-1.928848037067013022e-03
-1.850745333588883074e-03
-1.774582968762688801e-03
-1.700342657983382275e-03
-1.628005973384769565e-03
-1.557554341925651044e-03
-1.488969043464741498e-03
-1.422231208831515161e-03
-1.357321817892659941e-03
-1.294221697614597079e-03
-1.232911520133619498e-03
-1.173371800829904653e-03
-1.115582896417078966e-03
-1.059525003046557544e-03
-1.005178154439279525e-03
-9.525222200485968828e-04
-9.015369032639360689e-04
-8.522017396649246004e-04
-8.044960953383817510e-04
-7.583991652713713370e-04
-7.138899718335175179e-04
-6.709473633712740139e-04
-6.295500129304914096e-04
-5.896764171344600269e-04
-5.513048952483965391e-04
-5.144135884618107699e-04
-4.789804594317731141e-04
-4.449832921381898648e-04
-4.123996921092532974e-04
-3.812070870891517515e-04
-3.513827282387125151e-04
-3.229036919770508361e-04
-2.957468825974153429e-04
-2.698890358285003675e-04
-2.453067235508397796e-04
-2.219763599392689322e-04
-1.998742093769755599e-04
-1.789763965904132489e-04
-1.592589195973518387e-04
-1.406976662520547587e-04
-1.232684354517872853e-04
-1.069469644614207094e-04
-9.170896438988031469e-05
-7.753016671753151529e-05
-6.438638509163811916e-05
-5.225359868848445126e-05
-4.110806682068834624e-05
-3.092649017770174785e-05
-2.168624415691282250e-05
-1.336572848196601405e-05
-5.944914508485162832e-06
