-2.237729752108950140e-03
-2.151900319564613480e-03
-2.068084648061364536e-03
-1.986265035575199983e-03
-1.906423645115138798e-03
-1.828542502905458871e-03
-1.752603496549125315e-03
-1.678588373181892895e-03
-1.606478737615777211e-03
-1.536256050473401233e-03
-1.467901626319133030e-03
-1.401396631788160482e-03
-1.336722083716742780e-03
-1.273858847276006408e-03
-1.212787634120964832e-03
-1.153489000549809927e-03
-1.095943345687969400e-03
-1.040130909699124844e-03
-9.860317720340077471e-04
-9.336258497234466549e-04
-8.828928957296748158e-04
-8.338124973641901621e-04
-7.863640747909788654e-04
-7.405268796275455302e-04
-6.962799936660261490e-04
-6.536023277367629478e-04
-6.124726207387673265e-04
-5.728694388736450469e-04
-5.347711751140405301e-04
-4.981560489586181169e-04
-4.630021065205819158e-04
-4.292872210201365306e-04
-3.969890937551625318e-04
-3.660852556495327280e-04
-3.365530694943182468e-04
-3.083697330295103161e-04
-2.815122830484314111e-04
-2.559576007535953237e-04
-2.316824186564917258e-04
-2.086633293955888124e-04
-1.868767969581657928e-04
-1.662991709437625781e-04
-1.469067047177420940e-04
-1.286755785983815788e-04
-1.115819296464099029e-04
-9.560189024013986082e-05
-8.071163854503885958e-05
-6.688746538956370389e-05
-5.410586427194595993e-05
-4.234365480762350610e-05
-3.157815596178514123e-05
-2.178743602572985833e-05
-1.295068597106067846e-05
-5.048801709175781364e-06
