-1.473888814123244968e-03
-1.395438118731338710e-03
-1.319068795705844160e-03
-1.244764779264614842e-03
-1.172509946982403916e-03
-1.102288124358238430e-03
-1.034083090124769070e-03
-9.678785824007185047e-04
-9.036583058323038181e-04
-8.414059398818508808e-04
-7.811051484531378406e-04
-7.227395910930407450e-04
-6.662929360407134419e-04
-6.117488754750573157e-04
-5.590911433664677360e-04
-5.083035364564483707e-04
-4.593699389947223082e-04
-4.122743520348198234e-04
-3.670009282921396932e-04
-3.235340138459542186e-04
-2.818581983321918807e-04
-2.419583757710568116e-04
-2.038198188529586599e-04
-1.674282704520261818e-04
-1.327700574773236185e-04
-9.983223409739080717e-05
-6.860276422807176752e-05
-3.907075745557328365e-05
-1.122677922626790599e-05
