-1.258857197392097621e-03
-1.182619970315100825e-03
-1.108488844362736118e-03
-1.036448589318462229e-03
-9.664839745197481785e-04
-8.985797793661186696e-04
-8.327208054169196912e-04
-7.688918903458355318e-04
-7.070779240811674547e-04
-6.472638675267406837e-04
-5.894347743428136194e-04
-5.335758163881470801e-04
-4.796723135505159526e-04
-4.277097688884591619e-04
-3.776739102397130040e-04
-3.295507397639202743e-04
-2.833265933057018543e-04
-2.389882120249248350e-04
-1.965228295122218509e-04
-1.559182786677440523e-04
-1.171631241314794445e-04
-8.024682821022505511e-05
-4.515996142427956351e-05
-1.189447356751132810e-05
