-2.472333568023189418e-03
-2.384366615303211770e-03
-2.298397327946006923e-03
-2.214407756370510329e-03
-2.132379810560392462e-03
-2.052295258054133605e-03
-1.974135721909342760e-03
-1.897882678640059771e-03
-1.823517456128918249e-03
-1.751021231515088525e-03
-1.680375029056449532e-03
-1.611559717968349091e-03
-1.544556010241490912e-03
-1.479344458435413170e-03
-1.415905453451125244e-03
-1.354219222287544313e-03
-1.294265825775215741e-03
-1.236025156296534063e-03
-1.179476935488573807e-03
-1.124600711933672944e-03
-1.071375858838693801e-03
-1.019781571704797205e-03
-9.697968659902384859e-04
-9.214005747694220061e-04
-8.745713463909345845e-04
-8.292876421359506988e-04
-7.855277338847315794e-04
-7.432697017892513471e-04
-7.024914319605577839e-04
-6.631706141731789298e-04
-6.252847395913856783e-04
-5.888110985228871795e-04
-5.537267782060636533e-04
-5.200086606343001664e-04
-4.876334204267289787e-04
-4.565775227514016306e-04
-4.268172213069751494e-04
-3.983285563723990377e-04
-3.710873529336045757e-04
-3.450692188949547735e-04
-3.202495433870225961e-04
-2.966034951805587676e-04
-2.741060212190929240e-04
-2.527318452825263908e-04
-2.324554667948198756e-04
-2.132511597923137888e-04
-1.950929720674796325e-04
-1.779547245062344904e-04
-1.618100106396737369e-04
-1.466321964307150383e-04
-1.323944203214835443e-04
-1.190695935690334645e-04
-1.066304009023064971e-04
-9.504930153785374548e-05
-8.429853060084521461e-05
-7.435010100659056103e-05
-6.517580587306372728e-05
-5.674722155402523170e-05
-4.903571141272408690e-05
-4.201243049730917748e-05
-3.564833134574651660e-05
-2.991417124805473667e-05
-2.478052145527630783e-05
-2.021777909056225619e-05
-1.619618297086914039e-05
-1.268583535438198208e-05
-9.656733132479702420e-06
-7.078814957682926916e-06
-4.922037111603925276e-06
-3.156505600903261708e-06
-1.752730536396576787e-06
-6.821892289041578036e-07
