-1.101172374183352794e-03
-1.026603182473166849e-03
-9.541603772334344979e-04
-8.838295083512581534e-04
-8.155961847733975666e-04
-7.494460920256589779e-04
-6.853650124457907715e-04
-6.233388486187414410e-04
-5.633536506253848924e-04
-5.053956478542835206e-04
-4.494512863155130907e-04
-3.955072726226983621e-04
-3.435506261321153148e-04
-2.935687411256949044e-04
-2.455494614988379138e-04
-1.994811711323500950e-04
-1.553529042015054033e-04
-1.131544810894273231e-04
-7.287667766293988067e-05
-3.451143867197349054e-05
