-1.999432378730329855e-03
-1.915831884177618925e-03
-1.834263462148711266e-03
-1.754709759375305822e-03
-1.677153299390491802e-03
-1.601576481399062495e-03
-1.527961579199548555e-03
-1.456290740164158321e-03
-1.386545984290234049e-03
-1.318709203330500597e-03
-1.252762160024420944e-03
-1.188686487436356465e-03
-1.126463688432623915e-03
-1.066075135306482477e-03
-1.007502069586313021e-03
-9.507256020526166657e-04
-8.957267129990246308e-04
-8.424862527817956418e-04
-7.909849427006161379e-04
-7.412033762734426996e-04
-6.931220209719014163e-04
-6.467212204977300502e-04
-6.019811976991389828e-04
-5.588820582454840855e-04
-5.174037952023462922e-04
-4.775262946820884452e-04
-4.392293427840463383e-04
-4.024926340903984688e-04
-3.672957820466843685e-04
-3.336183316425604629e-04
-3.014397749167357855e-04
-2.707395699609733129e-04
-2.414971642883204377e-04
-2.136920237009470478e-04
-1.873036681602168168e-04
-1.623117166688562839e-04
-1.386959439100986691e-04
-1.164363524365388098e-04
-9.551326576524615981e-05
-7.590745010270440619e-05
-5.760027610259672252e-05
-4.057393798562237996e-05
-2.481175721615236005e-05
-1.029861510029094152e-05
