-1.339303204867463076e-03
-1.262229934145894881e-03
-1.187253144259913570e-03
-1.114357264881196468e-03
-1.043526701345700398e-03
-9.747458425467866311e-04
-9.079990700222142011e-04
-8.432707684466543129e-04
-7.805453377480133697e-04
-7.198072071463671590e-04
-6.610408514520412513e-04
-6.042308100420784242e-04
-5.493617090315208338e-04
-4.964182872734950206e-04
-4.453854269770961142e-04
-3.962481899365744758e-04
-3.489918606263376580e-04
-3.036019977690597796e-04
-2.600644964507983943e-04
-2.183656635011195122e-04
-1.784923097291730661e-04
-1.404318638492375285e-04
-1.041725146868739899e-04
-6.970339082199255958e-05
-3.701479064382930551e-05
-6.098481625426724906e-06
