-2.402415225116211021e-03
-2.315079691118810453e-03
-2.229746436612266205e-03
-2.146397577279096028e-03
-2.065015089499031356e-03
-1.985580808357442859e-03
-1.908076425632999635e-03
-1.832483487753036079e-03
-1.758783393731034195e-03
-1.686957393074679790e-03
-1.616986583673690270e-03
-1.548851909662857153e-03
-1.482534159264174960e-03
-1.418013962610429604e-03
-1.355271789544827861e-03
-1.294287947407801167e-03
-1.235042578805209271e-03
-1.177515659361698126e-03
-1.121686995463179546e-03
-1.067536221988359341e-03
-1.015042800033205336e-03
-9.641860146310566888e-04
-9.149449724695301418e-04
-8.672985996127857092e-04
-8.212256392265093697e-04
-7.767046493163368322e-04
-7.337140004794390821e-04
-6.922318736781314348e-04
-6.522362580403199541e-04
-6.137049486944631208e-04
-5.766155446462389650e-04
-5.409454467038531935e-04
-5.066718554674193298e-04
-4.737717693857799138e-04
-4.422219829005691154e-04
-4.119990846874954844e-04
-3.830794560135828341e-04
-3.554392692285147362e-04
-3.290544864140812248e-04
-3.039008582167494169e-04
-2.799539228937261161e-04
-2.571890056114704967e-04
-2.355812180399026272e-04
-2.151054582953541893e-04
-1.957364113000194987e-04
-1.774485496379698483e-04
-1.602161350114640300e-04
-1.440132204273896844e-04
-1.288136532813282319e-04
-1.145910795581751938e-04
-1.013189494391485113e-04
-8.897052470553508071e-05
-7.751888847263405883e-05
-6.693695800065598781e-05
-5.719750164277835700e-05
-4.827316147782801330e-05
-4.013648393644958512e-05
-3.275996197192674719e-05
-2.611609441486000948e-05
-2.017747182186282640e-05
-1.491690490471385170e-05
-1.030762492662643952e-05
-6.323613616778509840e-06
-2.940185944756799450e-06
-1.351246259034941818e-07
