-2.247177374384769222e-03
-2.161260805103832477e-03
-2.077357313720835930e-03
-1.995449186575072933e-03
-1.915518574719621238e-03
-1.837547492085299730e-03
-1.761517813630388528e-03
-1.687411273474645913e-03
-1.615209463023898565e-03
-1.544893829085385506e-03
-1.476445671974232826e-03
-1.409846143617390522e-03
-1.345076245658042473e-03
-1.282116827558668322e-03
-1.220948584716824350e-03
-1.161552056587632090e-03
-1.103907624829091787e-03
-1.047995511467214201e-03
-9.937957770947451145e-04
-9.412883191099940487e-04
-8.904528700043238100e-04
-8.412689957109229432e-04
-7.937160940293957892e-04
-7.477733931372380124e-04
-7.034199502101304638e-04
-6.606346501703326156e-04
-6.193962045859323189e-04
-5.796831507529711953e-04
-5.414738509917312904e-04
-5.047464921983795287e-04
-4.694790857021685832e-04
-4.356494674831831075e-04
-4.032352988247719992e-04
-3.722140674827474692e-04
-3.425630894803006034e-04
-3.142595116553890651e-04
-2.872803151237437232e-04
-2.616023198595837998e-04
-2.372021906512966941e-04
-2.140564447595267998e-04
-1.921414617020123991e-04
-1.714334957195178129e-04
-1.519086916561519990e-04
-1.335431052376191479e-04
-1.163127290884295565e-04
-1.001935263437580962e-04
-8.516147447491619125e-05
-7.119262310327647376e-05
-5.826317137017099807e-05
-4.634957330767780666e-05
-3.542868442381402413e-05
-2.547797096240134217e-05
-1.647581826797744485e-05
-8.402003526797952114e-06
-1.238457981843555263e-06
