-2.496459803195647930e-03
-2.408276045724104183e-03
-2.322088395479977689e-03
-2.237878881884973036e-03
-2.155629393621732483e-03
-2.075321676618366133e-03
-1.996937332016121905e-03
-1.920457814101334069e-03
-1.845864428221831704e-03
-1.773138328670308909e-03
-1.702260516550751102e-03
-1.633211837615176519e-03
-1.565972980084112502e-03
-1.500524472440456373e-03
-1.436846681206996497e-03
-1.374919808701023519e-03
-1.314723890775261776e-03
-1.256238794538638674e-03
-1.199444216065521625e-03
-1.144319678090252330e-03
-1.090844527692196031e-03
-1.038997933970541151e-03
-9.887588857157038596e-04
-9.401061890743367139e-04
-8.930184652160134788e-04
-8.474741480013819536e-04
-8.034514816560982004e-04
-7.609285184552016384e-04
-7.198831164211908764e-04
-6.802929370391414682e-04
-6.421354429948707707e-04
-6.053878959411016728e-04
-5.700273542967057658e-04
-5.360306710833895446e-04
-5.033744918097793255e-04
-4.720352524047754551e-04
-4.419891772113018389e-04
-4.132122770456074165e-04
-3.856803473312239022e-04
-3.593689663164710058e-04
-3.342534933835914824e-04
-3.103090674598809836e-04
-2.875106055421479357e-04
-2.658328013434544551e-04
-2.452501240753857874e-04
-2.257368173771132135e-04
-2.072668984048851577e-04
-1.898141570948337327e-04
-1.733521556138941560e-04
-1.578542280135274622e-04
-1.432934801019397966e-04
-1.296427895511460782e-04
-1.168748062560638038e-04
-1.049619529629650366e-04
-9.387642618638915185e-05
-8.359019743285579437e-05
-7.407501475121935485e-05
-6.530240463030620934e-05
-5.724367426388497407e-05
-4.986991420479207522e-05
-4.315200142955352030e-05
-3.706060283552516544e-05
-3.156617919289413408e-05
-2.663898957388482545e-05
-2.224909628186924013e-05
-1.836637030299770071e-05
-1.496049730320896919e-05
-1.200098419362161006e-05
-9.457166288030106470e-06
-7.298215077603590824e-06
-5.493146651200451940e-06
-4.010830797188183201e-06
-2.820000839463844426e-06
-1.889264300675692739e-06
-1.187114588166304345e-06
-6.819441914773120520e-07
-3.420608534611976915e-07
-1.357122655913795040e-07
-3.115045017187020018e-08
