-2.490360729343914312e-03
-2.402231728224633271e-03
-2.316099226608718184e-03
-2.231945259154618274e-03
-2.149751719853976433e-03
-2.069500360019526503e-03
-1.991172786248589927e-03
-1.914750458357356196e-03
-1.840214687296843309e-03
-1.767546633036660899e-03
-1.696727302428248114e-03
-1.627737547045263449e-03
-1.560558060998807218e-03
-1.495169378733578972e-03
-1.431551872802813404e-03
-1.369685751622597321e-03
-1.309551057210388064e-03
-1.251127662905827118e-03
-1.194395271075661489e-03
-1.139333410808750051e-03
-1.085921435596337321e-03
-1.034138521007683812e-03
-9.839636623546841460e-04
-9.353756723572254593e-04
-8.883531788039789306e-04
-8.428746222182694967e-04
-7.989182535278892446e-04
-7.564621317444424585e-04
-7.154841216567951615e-04
-6.759618915413469209e-04
-6.378729108948240269e-04
-6.011944481938730645e-04
-5.659035686882779798e-04
-5.319771322315374525e-04
-4.993917911562510432e-04
-4.681239882008611779e-04
-4.381499544952205828e-04
-4.094457076109478985e-04
-3.819870496869345530e-04
-3.557495656369829835e-04
-3.307086214493353839e-04
-3.068393625880570666e-04
-2.841167125071114726e-04
-2.625153712862901274e-04
-2.420098144032131683e-04
-2.225742916521452654e-04
-2.041828262230574096e-04
-1.868092139552749852e-04
-1.704270227793074793e-04
-1.550095923636251715e-04
-1.405300339809799337e-04
-1.269612306128038704e-04
-1.142758373086481290e-04
-1.024462818204350861e-04
-9.144476553038208722e-05
-8.124326469509054755e-05
-7.181353202747609574e-05
-6.312709864085144860e-05
-5.515527638148306464e-05
-4.786916057812346247e-05
-4.123963324076585006e-05
-3.523736674586456813e-05
-2.983282805216306037e-05
-2.499628350295993095e-05
-2.069780428748793359e-05
-1.690727266281716575e-05
-1.359438908581226047e-05
-1.072868048881544437e-05
-8.279510086704076281e-06
-6.216089398305412504e-06
-4.507493765843420964e-06
-3.122683966121779880e-06
-2.030539633832451237e-06
-1.199918603508575286e-06
-5.997827683325081008e-07
-1.995387636958748470e-07
