-2.364589177527220195e-03
-2.277597202828164115e-03
-2.192610066778327010e-03
-2.109609923240930458e-03
-2.028578787551639853e-03
-1.949498534551368477e-03
-1.872350896594953502e-03
-1.797117461534347618e-03
-1.723779670679696828e-03
-1.652318816738296628e-03
-1.582716041730355787e-03
-1.514952334886218114e-03
-1.449008530523496988e-03
-1.384865305905127715e-03
-1.322503179084404470e-03
-1.261902506732230254e-03
-1.203043481954429485e-03
-1.145906132097846038e-03
-1.090470316550646440e-03
-1.036715724536782686e-03
-9.846218729099259596e-04
-9.341681039520716460e-04
-8.853335831775313060e-04
-8.380972971496888566e-04
-7.924380513153438110e-04
-7.483344678632401423e-04
-7.057649836140061092e-04
-6.647078479477201273e-04
-6.251411207813743331e-04
-5.870426706034135873e-04
-5.503901725805433829e-04
-5.151611067477382356e-04
-4.813327562990944285e-04
-4.488822059989861011e-04
-4.177863407322032091e-04
-3.880218442223123411e-04
-3.595651979452813181e-04
-3.323926802762627148e-04
-3.064803659125128342e-04
-2.818041256229803621e-04
-2.583396263900665599e-04
-2.360623320201185290e-04
-2.149475043200018570e-04
-1.949702049609901679e-04
-1.761052981838738551e-04
-1.583274545421469945e-04
-1.416111559389164934e-04
-1.259307022933619017e-04
-1.112602202853277549e-04
-9.757367478348410333e-05
-8.484488379303055643e-05
-7.304753809168799494e-05
-6.215522723042885347e-05
-5.214147434791653775e-05
-4.297978348166220722e-05
-3.464370506853364112e-05
-2.710692874896917777e-05
-2.034341866132928972e-05
-1.432761778945423740e-05
-9.034770672751323947e-06
-4.441463168124021683e-06
-5.265973455811925778e-07
