-2.494691869861437490e-03
-2.406523980986926495e-03
-2.320352312935581446e-03
-2.236158896643238199e-03
-2.153925622325963442e-03
-2.073634237467644054e-03
-1.995266344784106961e-03
-1.918803400159937479e-03
-1.844226710559284613e-03
-1.771517431914924629e-03
-1.700656566988423268e-03
-1.631624963212568221e-03
-1.564403310506450647e-03
-1.498972139073401341e-03
-1.435311817174421975e-03
-1.373402548885373480e-03
-1.313224371835371726e-03
-1.254757154928689026e-03
-1.197980596052269572e-03
-1.142874219769536874e-03
-1.089417375005650307e-03
-1.037589232720985931e-03
-9.873687835813265302e-04
-9.387348356226066877e-04
-8.916660119161364233e-04
-8.461407482349006873e-04
-8.021372907277947786e-04
-7.596336936015503360e-04
-7.186078168169389695e-04
-6.790373238032605284e-04
-6.408996791937046460e-04
-6.041721465910353597e-04
-5.688317863625967858e-04
-5.348554534774998962e-04
-5.022197953858597522e-04
-4.709012499510435018e-04
-4.408760434404120597e-04
-4.121201885813781385e-04
-3.846094826931744422e-04
-3.583195058998912700e-04
-3.332256194372241521e-04
-3.093029640597508268e-04
-2.865264585612374310e-04
-2.648707984178392790e-04
-2.443104545659901790e-04
-2.248196723272373574e-04
-2.063724704935126076e-04
-1.889426405849167301e-04
-1.725037462965322611e-04
-1.570291231473483744e-04
-1.424918783473549336e-04
-1.288648909007401888e-04
-1.161208119603384758e-04
-1.042320654522452413e-04
-9.317084898914136269e-05
-8.290913509147343713e-05
-7.341867273639432262e-05
-6.467098925521428765e-05
-5.663739260088637793e-05
-4.928897400721684685e-05
-4.259661106313522854e-05
-3.653097122530072195e-05
-3.106251579400460936e-05
-2.616150437829566251e-05
-2.179799987854293976e-05
-1.794187401737504182e-05
-1.456281345515748538e-05
-1.163032653466337012e-05
-9.113750714842226494e-06
-6.982260782470738858e-06
-5.204877986241882438e-06
-3.750480353781377849e-06
-2.587814707070356791e-06
-1.685511503838687035e-06
-1.012105268559483965e-06
-5.360684446975765535e-07
-2.258859893225870733e-07
-5.030660876462266588e-08
