-2.396549604649834096e-03
-2.309267254863459594e-03
-2.223987578471358240e-03
-2.140692696940527020e-03
-2.059364592547891989e-03
-1.979985106391319877e-03
-1.902535936380303928e-03
-1.826998635195493242e-03
-1.753354608227892034e-03
-1.681585111491424363e-03
-1.611671249514719066e-03
-1.543593973207966260e-03
-1.477334077710348208e-03
-1.412872200214933737e-03
-1.350188817778840951e-03
-1.289264245111141271e-03
-1.230078632347990494e-03
-1.172611962813713792e-03
-1.116844050768875081e-03
-1.062754539150903782e-03
-1.010322897305018178e-03
-9.595284187164076486e-04
-9.103502187363161522e-04
-8.627672323150612464e-04
-8.167582117423213784e-04
-7.723017243982977257e-04
-7.293761505227890074e-04
-6.879596810073699935e-04
-6.480303152175734662e-04
-6.095658588514529103e-04
-5.725439218437895729e-04
-5.369419163249623947e-04
-5.027370546439944698e-04
-4.699063474708353857e-04
-4.384266019878279197e-04
-4.082744201881480304e-04
-3.794261973007864220e-04
-3.518581203600234662e-04
-3.255461669473156349e-04
-3.004661041332104565e-04
-2.765934876540538019e-04
-2.539036613660467108e-04
-2.323717570262198836e-04
-2.119726944612165018e-04
-1.926811822011296116e-04
-1.744717186713499329e-04
-1.573185940618398006e-04
-1.411958930271662053e-04
-1.260774984128096060e-04
-1.119370962678937445e-04
-9.874818248889531648e-05
-8.648407156269115098e-05
-7.511790805341965385e-05
-6.462268174111221767e-05
-5.497124771301706303e-05
-4.613635332201484085e-05
-3.809067489902501533e-05
-3.080686870855612897e-05
-2.425764337487195822e-05
-1.841586590047220024e-05
-1.325472263216494300e-05
-8.747975140843677810e-06
-4.870391762579912178e-06
-1.598535269062047661e-06
