-1.279208411365381423e-03
-1.202758755681651321e-03
-1.128412723313132341e-03
-1.056154994609207181e-03
-9.859702430652763153e-04
-9.178431451140327702e-04
-8.517583914031120551e-04
-7.877006997970804284e-04
-7.256548304135793191e-04
-6.656056030530196248e-04
-6.075379174657455274e-04
-5.514367770009959710e-04
-4.972873163089962592e-04
-4.450748339326863080e-04
-3.947848308378017895e-04
-3.464030562141497734e-04
-2.999155622456021715e-04
-2.553087700492550900e-04
-2.125695496620898142e-04
-1.716853178853103941e-04
-1.326441591143624863e-04
-9.543497614836714271e-05
-6.004768071428022089e-05
-2.647343749622310948e-05
