-1.556202923027402794e-03
-1.476922318222997953e-03
-1.399714404396896431e-03
-1.324562852451955861e-03
-1.251451260797680105e-03
-1.180363158401158321e-03
-1.111282008369244428e-03
-1.044191212151829827e-03
-9.790741144535001963e-04
-9.159140089728008954e-04
-8.546941451004570669e-04
-7.953977357383437176e-04
-7.380079664282329557e-04
-6.825080060270603257e-04
-6.288810192016023020e-04
-5.771101810918353569e-04
-5.271786945545731433e-04
-4.790698105129396860e-04
-4.327668520506193061e-04
-3.882532430639413948e-04
-3.455125424987991059e-04
-3.045284854817070634e-04
-2.652850330463352320e-04
-2.277664326710524836e-04
-1.919572925695058995e-04
-1.578426736829966739e-04
-1.254082047633311037e-04
-9.464022802748200318e-05
-6.552598598500437009e-05
-3.805386478030554822e-05
-1.221371685110295927e-05
