-1.979516261327774265e-03
-1.896104854458818822e-03
-1.814727150741911061e-03
-1.735365831393456248e-03
-1.658003455788276386e-03
-1.582622460418734930e-03
-1.509205157920018216e-03
-1.437733736159872494e-03
-1.368190257410586150e-03
-1.300556657616584689e-03
-1.234814745775048147e-03
-1.170946203441623106e-03
-1.108932584392747708e-03
-1.048755314460588601e-03
-9.903956915763873371e-04
-9.338348860495938614e-04
-8.790539411303087500e-04
-8.260337738941313929e-04
-7.747551765120643148e-04
-7.251988179643571947e-04
-6.773452462817626573e-04
-6.311748914055853848e-04
-5.866680687788910446e-04
-5.438049838057580502e-04
-5.025657373454729378e-04
-4.629303324409202386e-04
-4.248786825360525315e-04
-3.883906214897937781e-04
-3.534459157752838673e-04
-3.200242793550143517e-04
-2.881053918544248648e-04
-2.576689208388096772e-04
-2.286945492323431614e-04
-2.011620092532779495e-04
-1.750511246911180146e-04
-1.503418639962211280e-04
-1.270144075757574870e-04
-1.050492340404681748e-04
-8.442723217591133276e-05
-6.512984852739559720e-05
-4.713928542489592786e-05
-3.043877235953389594e-05
-1.501294741148675088e-05
-8.484100674083228100e-07
