-1.896028226327400954e-03
-1.813414382020796679e-03
-1.732841258864737744e-03
-1.654291692853877577e-03
-1.577748404585033789e-03
-1.503193998675914859e-03
-1.430610963288603960e-03
-1.359981669779531440e-03
-1.291288372483724882e-03
-1.224513208669588543e-03
-1.159638198678818351e-03
-1.096645246286173355e-03
-1.035516139315684203e-03
-9.762325505475546485e-04
-9.187760389727551991e-04
-8.631280514402230736e-04
-8.092699247755862340e-04
-7.571828884381902195e-04
-7.068480678191952932e-04
-6.582464882874210482e-04
-6.113590801223641596e-04
-5.661666844936693189e-04
-5.226500606899664447e-04
-4.807898948406837776e-04
-4.405668104280050694e-04
-4.019613809685049482e-04
-3.649541453301361794e-04
-3.295256262739713763e-04
-2.956563529791178752e-04
-2.633268885182844798e-04
-2.325178635493496595e-04
-2.032100178870701083e-04
-1.753842521797360505e-04
-1.490216927016134040e-04
-1.241037734123252054e-04
-1.006123411020563954e-04
-7.852979196087741805e-05
-5.783925179563674946e-05
-3.852481831044531714e-05
-2.057189408262405814e-05
-3.967656421196744083e-06
