-2.459082966026157526e-03
-2.371235319746279550e-03
-2.285386201925401241e-03
-2.201517674839234898e-03
-2.119611660515030235e-03
-2.039649938721872086e-03
-1.961614144938193804e-03
-1.885485768289726655e-03
-1.811246149464822760e-03
-1.738876478602139133e-03
-1.668357793155263342e-03
-1.599670975734959495e-03
-1.532796751923794177e-03
-1.467715688075111290e-03
-1.404408189087219842e-03
-1.342854496157387407e-03
-1.283034684520052140e-03
-1.224928661166407341e-03
-1.168516162550204286e-03
-1.113776752277576736e-03
-1.060689818789244381e-03
-1.009234573030073174e-03
-9.593900461152026545e-04
-9.111350869883331864e-04
-8.644483600834832956e-04
-8.193083429852057037e-04
-7.756933240971869556e-04
-7.335814003182484621e-04
-6.929504747338350451e-04
-6.537782543247329728e-04
-6.160422476993841377e-04
-5.797197628550877172e-04
-5.447879049731392054e-04
-5.112235742544952955e-04
-4.790034638044971221e-04
-4.481040575712488794e-04
-4.185016283480797817e-04
-3.901722358481312714e-04
-3.630917248603216245e-04
-3.372357234987831474e-04
-3.125796415550559371e-04
-2.890986689681796819e-04
-2.667677744240307645e-04
-2.455617041024755857e-04
-2.254549805866674071e-04
-2.064219019564552510e-04
-1.884365410851676344e-04
-1.714727451673761689e-04
-1.555041355050608334e-04
-1.405041075862335234e-04
-1.264458314960754568e-04
-1.133022527096414010e-04
-1.010460933244582360e-04
-8.964985380801895030e-05
-7.908581535471289736e-05
-6.932604297560665486e-05
-6.034238948609117834e-05
-5.210650061606904467e-05
-4.458982155747866650e-05
-3.776360540035777200e-05
-3.159892412351752137e-05
-2.606668315096820598e-05
-2.113764106121557713e-05
-1.678243703231623986e-05
-1.297163040751466262e-05
-9.675760203318290757e-06
-6.865439380836878365e-06
-4.511514166043988811e-06
-2.585356730051165668e-06
-1.059467876316756145e-06
