-1.851999191635537306e-03
-1.769809213166659029e-03
-1.689663779943752046e-03
-1.611545816633693645e-03
-1.535438136444829908e-03
-1.461323440837210535e-03
-1.389184319374392722e-03
-1.319003249729496863e-03
-1.250762597877079756e-03
-1.184444618491703590e-03
-1.120031455589229818e-03
-1.057505143451367789e-03
-9.968476078721581323e-04
-9.380406677825343584e-04
-8.810660373134949694e-04
-8.259053283678714557e-04
-7.725400537896829397e-04
-7.209516312307015550e-04
-6.711213878377916137e-04
-6.230305659080037292e-04
-5.766603296916317407e-04
-5.319917735554912513e-04
-4.890059317793490293e-04
-4.476837903086262026e-04
-4.080063008728904411e-04
-3.699543979846281385e-04
-3.335090194600840515e-04
-2.986511312876210036e-04
-2.653617579098186004e-04
-2.336220192948969591e-04
-2.034131766293687904e-04
-1.747166890661076117e-04
-1.475142848350704172e-04
-1.217880512804653953e-04
-9.752055022942585256e-05
-7.469496788834073693e-05
-5.329531277299063684e-05
-3.330668207267387668e-05
-1.471562825446839268e-05
