-2.150428093581516903e-03
-2.065408220936149931e-03
-1.982408571164573710e-03
-1.901411557213678830e-03
-1.822399460510169865e-03
-1.745354429319643814e-03
-1.670258477105888203e-03
-1.597093480896215594e-03
-1.525841179654465352e-03
-1.456483172667413740e-03
-1.389000917951497627e-03
-1.323375730682659025e-03
-1.259588781657872830e-03
-1.197621095797969442e-03
-1.137453550696637238e-03
-1.079066875232343251e-03
-1.022441648248178462e-03
-9.675582973205190977e-04
-9.143970976270850799e-04
-8.629381709396273048e-04
-8.131614847565289336e-04
-7.650468516086504807e-04
-7.185739285634513019e-04
-6.737222169663940408e-04
-6.304710624630734117e-04
-5.887996553515635828e-04
-5.486870313271720442e-04
-5.101120726930467430e-04
-4.730535101252057208e-04
-4.374899251018627344e-04
-4.033997531257797623e-04
-3.707612879062892461e-04
-3.395526867015616259e-04
-3.097519770733037580e-04
-2.813370653738628919e-04
-2.542857473710489818e-04
-2.285757215314096653e-04
-2.041846056417541096e-04
-1.810899576558951227e-04
-1.592693019568092974e-04
-1.387001626336699964e-04
-1.193601059730498839e-04
-1.012267952363090777e-04
-8.427806209696778097e-05
-6.849200111173968201e-05
-5.384709675213570983e-05
-4.032239766027657907e-05
-2.789776149949061519e-05
-1.655420919952316043e-05
-6.274456286948027919e-06
