-1.228031923081852146e-03
-1.152117670573732421e-03
-1.078313330987568748e-03
-1.006603814174315652e-03
-9.369740397537412377e-04
-8.694089487794984424e-04
-8.038935171697906851e-04
-7.404127712066087448e-04
-6.789518054766941445e-04
-6.194958036975621325e-04
-5.620300629801312396e-04
-5.065400222094731779e-04
-4.530112953804026087e-04
-4.014297109522490256e-04
-3.517813585539192062e-04
-3.040526447519792050e-04
-2.582303600849262040e-04
-2.143017602432604010e-04
-1.722546652054760105e-04
-1.320775814354282357e-04
-9.375985410855271771e-05
-5.729185901230209033e-05
-2.266524777810082630e-05
