-1.483198094195943822e-03
-1.404653073503907886e-03
-1.328188422926825183e-03
-1.253788045487522641e-03
-1.181435785635746773e-03
-1.111115433630533366e-03
-1.042810730630916363e-03
-9.765053746069811934e-04
-9.121830272012217480e-04
-8.498273216964850364e-04
-7.894218722742693106e-04
-7.309502847852189121e-04
-6.743961693065081160e-04
-6.197431548029975340e-04
-5.669749062978128758e-04
-5.160751450402211067e-04
-4.670276722793104671e-04
-4.198163974023607411e-04
-3.744253713933768345e-04
-3.308388268294918289e-04
-2.890412259761551868e-04
-2.490173190088382574e-04
-2.107522150258665827e-04
-1.742314694017247170e-04
-1.394411922787377133e-04
-1.063681847836657945e-04
-7.500011219413009196e-05
-4.532572722371621353e-05
-1.733516269652568120e-05
