-2.223232832029540217e-03
-2.137537284376602245e-03
-2.053856552045622494e-03
-1.972172951163278683e-03
-1.892468663403299323e-03
-1.814725734189142313e-03
-1.738926070887418344e-03
-1.665051440988776603e-03
-1.593083470283426263e-03
-1.523003641031273623e-03
-1.454793290129356969e-03
-1.388433607282132465e-03
-1.323905633175848128e-03
-1.261190257662927810e-03
-1.200268217965560526e-03
-1.141120096893462896e-03
-1.083726321096194472e-03
-1.028067159347307398e-03
-9.741227208758915408e-04
-9.218729537513205546e-04
-8.712976433391482738e-04
-8.223764108334442923e-04
-7.750887118915543352e-04
-7.294138353850745287e-04
-6.853309022870259642e-04
-6.428188647287960255e-04
-6.018565052519068330e-04
-5.624224362915798258e-04
-5.244950999393620554e-04
-4.880527680343751343e-04
-4.530735426456110803e-04
-4.195353570244584056e-04
-3.874159771151264981e-04
-3.566930037430669949e-04
-3.273438756147661454e-04
-2.993458733087567053e-04
-2.726761244739401777e-04
-2.473116105130085331e-04
-2.232291751035453788e-04
-2.004055350167757721e-04
-1.788172938271191084e-04
-1.584409593027457546e-04
-1.392529655353071712e-04
-1.212297012443771556e-04
-1.043475462460291043e-04
-8.858291888616675485e-05
-7.391233846610787642e-05
-6.031250859181070978e-05
-4.776043041950119836e-05
-3.623355980268230147e-05
-2.571003101895421648e-05
-1.616898544470900029e-05
-7.591073647040092458e-06
