-1.874203564210232638e-03
-1.791799540146327575e-03
-1.711438121894573450e-03
-1.633102188769504359e-03
-1.556774506590403225e-03
-1.482437727240408596e-03
-1.410074388347048839e-03
-1.339666913101551391e-03
-1.271197610239088380e-03
-1.204648674204612932e-03
-1.140002185531057083e-03
-1.077240111470282799e-03
-1.016344306907230287e-03
-9.572965156108485633e-04
-9.000783718687379621e-04
-8.446714025780173267e-04
-7.910570298586617251e-04
-7.392165742858213765e-04
-6.891312588439670386e-04
-6.407822137337106398e-04
-5.941504821871078368e-04
-5.492170274759990796e-04
-5.059627413497803840e-04
-4.643684541792764868e-04
-4.244149471617494418e-04
-3.860829670216618507e-04
-3.493532437560477907e-04
-3.142065121268064368e-04
-2.806235377878164763e-04
-2.485851492079827808e-04
-2.180722769063000630e-04
-1.890660020102731282e-04
-1.615476168438112763e-04
-1.354987012464382596e-04
-1.109012197657009181e-04
-8.773764701998987617e-05
-6.599113180852709095e-05
-4.564571570127404394e-05
-2.668663020253722777e-05
-9.100710674698239255e-06
