-1.417179843498179471e-03
-1.339306372461259494e-03
-1.263520496148453232e-03
-1.189806347105453604e-03
-1.118148013793519944e-03
-1.048529546419615151e-03
-9.809349636692842739e-04
-9.153482604957641385e-04
-8.517534171300596754e-04
-7.901344095183334771e-04
-7.304752214362022350e-04
-6.727598585741475287e-04
-6.169723649618341112e-04
-5.630968421672345129e-04
-5.111174718244416645e-04
-4.610185421629573203e-04
-4.127844793905641619e-04
-3.663998849967875504e-04
-3.218495803442399236e-04
-2.791186603010273088e-04
-2.381925582023529647e-04
-1.990571251495199673e-04
-1.616987276724529156e-04
-1.261043692118103601e-04
-9.226184294339408491e-05
-6.015992652415938773e-05
-2.978863394562723501e-05
-1.139546839173899072e-06
