-1.299400044416805337e-03
-1.222740249902274159e-03
-1.148181650167020120e-03
-1.075708839141070305e-03
-1.005306397791506847e-03
-9.369589032441497187e-04
-8.706509392839960077e-04
-8.063671084677027012e-04
-7.440920461250266670e-04
-6.838104365796157484e-04
-6.255070320037075995e-04
-5.691666743973222394e-04
-5.147743213124776705e-04
-4.623150760801772951e-04
-4.117742234968612140e-04
-3.631372721750009917e-04
-3.163900050924103782e-04
-2.715185403206245036e-04
-2.285094045083375285e-04
-1.873496225205733233e-04
-1.480268277784638252e-04
-1.105293994782289505e-04
-7.484663521235443114e-05
-4.096897100435301846e-05
-8.888266034659813593e-06
