-2.213351406844227699e-03
-2.127747242011225875e-03
-2.044158615337789316e-03
-1.962567855532246740e-03
-1.882957157212848849e-03
-1.805308579127435503e-03
-1.729604042365198843e-03
-1.655825328561659742e-03
-1.583954078095033309e-03
-1.513971788281128113e-03
-1.445859811568722024e-03
-1.379599353739978732e-03
-1.315171472116666469e-03
-1.252557073783558319e-03
-1.191736913826811411e-03
-1.132691593600112980e-03
-1.075401559023666685e-03
-1.019847098923524261e-03
-9.660083434234500218e-04
-9.138652623976045459e-04
-8.633976640013663831e-04
-8.145851932912775636e-04
-7.674073309553569849e-04
-7.218433921728256882e-04
-6.778725256285230653e-04
-6.354737127101162987e-04
-5.946257669226103718e-04
-5.553073335619393555e-04
-5.174968896931248299e-04
-4.811727444928439270e-04
-4.463130400266080529e-04
-4.128957525440693065e-04
-3.808986943964947974e-04
-3.502995167037670004e-04
-3.210757129270694690e-04
-2.932046235469199153e-04
-2.666634420900836078e-04
-2.414292228211329999e-04
-2.174788905023599555e-04
-1.947892527428728084e-04
-1.733370156221992781e-04
-1.530988034984783950e-04
-1.340511842268746082e-04
-1.161707014650646577e-04
-9.943391640045303424e-05
-8.381746221040210093e-05
-6.929811605959041809e-05
-5.585289577412339522e-05
-4.345919211361089310e-05
-3.209495390719763137e-05
-2.173895444571949474e-05
-1.237118806273554936e-05
-3.973486265416769636e-06
