-1.938535685289365963e-03
-1.855514767871627559e-03
-1.774530961070467424e-03
-1.695567019964616153e-03
-1.618605580794583824e-03
-1.543629160133035659e-03
-1.470620154136890057e-03
-1.399560837891744266e-03
-1.330433364864256653e-03
-1.263219766479963804e-03
-1.197901951849392622e-03
-1.134461707660622612e-03
-1.072880698272477614e-03
-1.013140466034117594e-03
-9.552224318726484659e-04
-8.991078961894524105e-04
-8.447780401192616674e-04
-7.922139272102774691e-04
-7.413965055983851677e-04
-6.923066107626872330e-04
-6.449249689615834486e-04
-5.992322014775223809e-04
-5.552088298157189204e-04
-5.128352820423567058e-04
-4.720919004825350042e-04
-4.329589510549225299e-04
-3.954166345837752269e-04
-3.594451005152681585e-04
-3.250244635771410134e-04
-2.921348240710831736e-04
-2.607562926795142051e-04
-2.308690209378564848e-04
-2.024532388866678607e-04
-1.754893019228717676e-04
-1.499577495840485463e-04
-1.258393800254830187e-04
-1.031153454560036515e-04
-8.176727606395325075e-05
-6.177744344979613168e-05
-4.312898012548688610e-05
-2.580618074733793065e-05
-9.794926342631380973e-06
