-2.438552361897932709e-03
-2.350889898589369250e-03
-2.265227311432165946e-03
-2.181546681539918604e-03
-2.099829950090709337e-03
-2.020058916324427717e-03
-1.942215235512796939e-03
-1.866280416903178321e-03
-1.792235821637937036e-03
-1.720062660648158208e-03
-1.649741992522556037e-03
-1.581254721354903147e-03
-1.514581594564335136e-03
-1.449703200699956973e-03
-1.386599967219361539e-03
-1.325252158250413712e-03
-1.265639872334763712e-03
-1.207743040154808135e-03
-1.151541422245011591e-03
-1.097014606692409524e-03
-1.044142006823943394e-03
-9.929028588872316693e-04
-9.432762197257272500e-04
-8.952409644493687299e-04
-8.487757841081325534e-04
-8.038591833671852351e-04
-7.604694781903277752e-04
-7.185847935357635510e-04
-6.781830610680886912e-04
-6.392420168924175215e-04
-6.017391993140586452e-04
-5.656519466321662318e-04
-5.309573949752008533e-04
-4.976324761805587648e-04
-4.656539157320543757e-04
-4.349982307614971757e-04
-4.056417281241473348e-04
-3.775605025612680291e-04
-3.507304349602243573e-04
-3.251271907266693544e-04
-3.007262182854300082e-04
-2.775027477268483204e-04
-2.554317896198550985e-04
-2.344881340149943417e-04
-2.146463496646725737e-04
-1.958807834935881789e-04
-1.781655603564798174e-04
-1.614745831306516684e-04
-1.457815331983256804e-04
-1.310598713883967894e-04
-1.172828394654484683e-04
-1.044234622771441625e-04
-9.245455070327171412e-05
-8.134870559911870549e-05
-7.107832298897292839e-05
-6.161560086274267089e-05
-5.293254807166594635e-05
-4.500099603286954110e-05
-3.779261428938457764e-05
-3.127893150606625937e-05
-2.543136436744373617e-05
-2.022125835817124357e-05
-1.561994712313995027e-05
-1.159884223195945392e-05
-8.129575502406062007e-06
-5.184238600014888831e-06
-2.735819413541774275e-06
-7.590885615833873491e-07
