-2.443010887224067885e-03
-2.355308174631977683e-03
-2.269605044438312465e-03
-2.185883573616814648e-03
-2.104125699135265398e-03
-2.024313215951288776e-03
-1.946427774980367779e-03
-1.870450881039661430e-03
-1.796363890765442350e-03
-1.724148010505538713e-03
-1.653784294186609691e-03
-1.585253641160187885e-03
-1.518536794022639540e-03
-1.453614336416685733e-03
-1.390466690808725035e-03
-1.329074116249246741e-03
-1.269416706114761054e-03
-1.211474385831924931e-03
-1.155226910587123148e-03
-1.100653863024705350e-03
-1.047734650932406752e-03
-9.964485049180102187e-04
-9.467744760824356801e-04
-8.986914336872730159e-04
-8.521780628237877152e-04
-8.072128620830083551e-04
-7.637741412370703748e-04
-7.218400189270968289e-04
-6.813884203697633066e-04
-6.423970750834433240e-04
-6.048435146410307281e-04
-5.687050704534687669e-04
-5.339588715932007835e-04
-5.005818426622047138e-04
-4.685507017133535256e-04
-4.378419582350911131e-04
-4.084319112056544483e-04
-3.802966472311844655e-04
-3.534120387769718648e-04
-3.277537425055359146e-04
-3.032971977360718807e-04
-2.800176250422569649e-04
-2.578900250069407311e-04
-2.368891771545663001e-04
-2.169896390862072460e-04
-1.981657458470788519e-04
-1.803916095580110422e-04
-1.636411193534905654e-04
-1.478879416734270357e-04
-1.331055209686264271e-04
-1.192670808936217115e-04
-1.063456260812653623e-04
-9.431394461777130864e-05
-8.314461137739914839e-05
-7.280999242515160698e-05
-6.328225077450056607e-05
-5.453335389715947628e-05
-4.653508355018916114e-05
-3.925904874429000154e-05
-3.267670308547994255e-05
-2.675936839008215105e-05
-2.147826759980396612e-05
-1.680457201052707971e-05
-1.270947150320885852e-05
-9.164283680967682372e-06
-6.140633069331780812e-06
-3.610766984651513070e-06
-1.548168250199253149e-06
