-1.743379310802965158e-03
-1.662244935181694892e-03
-1.583164924238400408e-03
-1.506122444295977542e-03
-1.431100561763556066e-03
-1.358082243764385886e-03
-1.287050359005942899e-03
-1.217987678920324059e-03
-1.150876879126660904e-03
-1.085700541251468764e-03
-1.022441155174640083e-03
-9.610811217572615226e-04
-9.016027561391773588e-04
-8.439882916895031150e-04
-7.882198847247495668e-04
-7.342796201233491634e-04
-6.821495179961450592e-04
-6.318115415972359438e-04
-5.832476067121844607e-04
-5.364395927959589045e-04
-4.913693562135826830e-04
-4.480187460032461618e-04
-4.063696227004363112e-04
-3.664038808874007917e-04
-3.281034763210696628e-04
-2.914504587263498300e-04
-2.564270116651791204e-04
-2.230155013259000284e-04
-1.911985366870891465e-04
-1.609590443501567546e-04
-1.322803625522721402e-04
-1.051463606326590158e-04
-7.954159285877730539e-05
-5.545149953554292334e-05
-3.286267465154354538e-05
-1.176322959443048742e-05
