-2.005985870304307413e-03
-1.922323252824586440e-03
-1.840692174869951528e-03
-1.761075272023764592e-03
-1.683455056234802773e-03
-1.607813914665045998e-03
-1.534134108577387030e-03
-1.462397772281544533e-03
-1.392586912146666920e-03
-1.324683405690666935e-03
-1.258669000762164224e-03
-1.194525314830088532e-03
-1.132233834397947938e-03
-1.071775914567110917e-03
-1.013132778770427407e-03
-9.562855187069744774e-04
-9.012150945106902050e-04
-8.479023351938596350e-04
-7.963279394085092007e-04
-7.464724765855167967e-04
-6.983163885117706473e-04
-6.518399914276907896e-04
-6.070234787354920501e-04
-5.638469244306800170e-04
-5.222902873960145543e-04
-4.823334167208454307e-04
-4.439560582499097949e-04
-4.071378626160438233e-04
-3.718583950655105549e-04
-3.380971474719245227e-04
-3.058335530331817331e-04
-2.750470042852268477e-04
-2.457168752510341826e-04
-2.178225487891067712e-04
-1.913434505488998251e-04
-1.662590914144557392e-04
-1.425491209914291763e-04
-1.201933956651942586e-04
-9.917206618691412254e-05
-7.946569190903837721e-05
-6.105539213850704069e-05
-4.392305042217800864e-05
-2.805159643544987693e-05
-1.342540540902385399e-05
-3.088270868386582639e-08
