-2.462660238582476020e-03
-2.374780366730745978e-03
-2.288898789811931716e-03
-2.204997566876888519e-03
-2.123058616676221089e-03
-2.043063715652941766e-03
-1.964994495904155269e-03
-1.888832443122802785e-03
-1.814558894509377563e-03
-1.742155036660539193e-03
-1.671601903434321267e-03
-1.602880373788450816e-03
-1.535971169598046018e-03
-1.470854853452137692e-03
-1.407511826426802387e-03
-1.345922325840477260e-03
-1.286066422990121217e-03
-1.227924020871559285e-03
-1.171474851882244256e-03
-1.116698475514011583e-03
-1.063574276031651385e-03
-1.012081460143243348e-03
-9.621990546643659778e-04
-9.139059041780674998e-04
-8.671806686919166732e-04
-8.220018213005278506e-04
-7.783476458506209021e-04
-7.361962346166224047e-04
-6.955254859903109346e-04
-6.563131021865688339e-04
-6.185365869746807087e-04
-5.821732434354314921e-04
-5.472001717525978946e-04
-5.135942670457215031e-04
-4.813322172478271552e-04
-4.503905010391181835e-04
-4.207453858411904705e-04
-3.923729258830256205e-04
-3.652489603464262259e-04
-3.393491116014496728e-04
-3.146487835439119364e-04
-2.911231600453591923e-04
-2.687472035301210951e-04
-2.474956536934854378e-04
-2.273430263772859298e-04
-2.082636126201960626e-04
-1.902314779042518322e-04
-1.732204616188081996e-04
-1.572041767684149364e-04
-1.421560099548554068e-04
-1.280491216674721380e-04
-1.148564469247324513e-04
-1.025506963160393865e-04
-9.110435750681362293e-05
-8.048969728481621220e-05
-7.067876424798786867e-05
-6.164339226678558807e-05
-5.335520489913942377e-05
-4.578562100460069838e-05
-3.890586190827408964e-05
-3.268696062430681066e-05
-2.709977390578510788e-05
-2.211499830849251517e-05
-1.770319217564861067e-05
-1.383480673058256103e-05
-1.048023185727515261e-05
-7.609866900401145036e-06
-5.194236979279488430e-06
-3.204199231008977730e-06
-1.611347435771861684e-06
-3.889299979908002910e-07
