-1.574044652155262222e-03
-1.494585374685554816e-03
-1.417196958892402237e-03
-1.341863022185216551e-03
-1.268567106381313005e-03
-1.197292680468777220e-03
-1.128023143867396862e-03
-1.060741830259968226e-03
-9.954320120905363421e-04
-9.320769058275280017e-04
-8.706596781166635974e-04
-8.111634529756474961e-04
-7.535713202026417170e-04
-6.978663452122096239e-04
-6.440315805565826127e-04
-5.920500794442064198e-04
-5.419049116351869980e-04
-4.935791821932074188e-04
-4.470560536695071898e-04
-4.023187724590961242e-04
-3.593507002526404124e-04
-3.181353517662031775e-04
-2.786564402659249097e-04
-2.408979328721289992e-04
-2.048441182480287520e-04
-1.704796901688905358e-04
-1.377898516989846725e-04
-1.067604465142267577e-04
-7.737812655130412104e-05
-4.963056917696091785e-05
-2.350676328972762174e-05
