-2.056876786034287589e-03
-1.972733377931414848e-03
-1.890617429419337147e-03
-1.810511492702010592e-03
-1.732397993227576460e-03
-1.656259228330535238e-03
-1.582077365900708913e-03
-1.509834443085346888e-03
-1.439512365033509059e-03
-1.371092903691467765e-03
-1.304557696656164422e-03
-1.239888246101665059e-03
-1.177065917790701870e-03
-1.116071940185651284e-03
-1.056887403677848804e-03
-9.994932599555026061e-04
-9.438703215336877780e-04
-8.899992614758321305e-04
-8.378606133371625840e-04
-7.874347713717928798e-04
-7.387019910455329928e-04
-6.916423899110907356e-04
-6.462359489100195659e-04
-6.024625141752744124e-04
-5.603017994302410005e-04
-5.197333890940313873e-04
-4.807367422302261735e-04
-4.432911975026708560e-04
-4.073759793469419440e-04
-3.729702056044245737e-04
-3.400528969447615493e-04
-3.086029884662654880e-04
-2.785993439900078450e-04
-2.500207736935440139e-04
-2.228460559318465979e-04
-1.970539643567479249e-04
-1.726233018078210889e-04
-1.495329429681393270e-04
-1.277618885101303235e-04
-1.072893345349493525e-04
-8.809476271001508672e-05
-7.015805896729267947e-05
-5.345967248365252218e-05
-3.798083295573342552e-05
-2.370385480190644300e-05
-1.061257572245706116e-05
