-1.677634352650255681e-03
-1.597145976123225987e-03
-1.518718189418308360e-03
-1.442334322444293465e-03
-1.367977613624813760e-03
-1.295631211241277288e-03
-1.225278175095779890e-03
-1.156901478544275280e-03
-1.090484010958847616e-03
-1.026008580680119568e-03
-9.634579185405622165e-04
-9.028146820488605791e-04
-8.440614603401159696e-04
-7.871807800257489161e-04
-7.321551120914046931e-04
-6.789668800318423517e-04
-6.275984694401896737e-04
-5.780322393309630588e-04
-5.302505355204086305e-04
-4.842357064803435879e-04
-4.399701221699775077e-04
-3.974361964800234752e-04
-3.566164140976149513e-04
-3.174933628051052580e-04
-2.800497725337063189e-04
-2.442685628784177715e-04
-2.101329013275828549e-04
-1.776262752109828650e-04
-1.467325814357172851e-04
-1.174362396146885019e-04
-8.972233644595297201e-05
-6.357681260364832676e-05
-3.898670865187278098e-05
-1.594049487882058047e-05
