-1.783114935178552359e-03
-1.701592732681937725e-03
-1.622121237243103874e-03
-1.544683522827218838e-03
-1.469262558935947698e-03
-1.395841210870446851e-03
-1.324402240187747860e-03
-1.254928305383795498e-03
-1.187401962836495250e-03
-1.121805668051158687e-03
-1.058121777251409476e-03
-9.963325493718858204e-04
-9.364201485123576675e-04
-8.783666469369993046e-04
-8.221540286973127174e-04
-7.677641939915156579e-04
-7.151789643844467734e-04
-6.643800890392865827e-04
-6.153492521447527291e-04
-5.680680817608117945e-04
-5.225181603540778085e-04
-4.786810373568458135e-04
-4.365382441658181931e-04
-3.960713120955257024e-04
-3.572617939408381967e-04
-3.200912899723418691e-04
-2.845414794278483582e-04
-2.505941588768704608e-04
-2.182312892623961996e-04
-1.874350540198746571e-04
-1.581879315097474924e-04
-1.304727861938266141e-04
-1.042729847364751226e-04
-7.957254581879096532e-05
-5.635633646045869714e-05
-3.461033395405280211e-05
-1.432198282742810561e-05
