-1.492466641923598280e-03
-1.413827828097326050e-03
-1.337268391788907487e-03
-1.262772205329738785e-03
-1.190323080595798340e-03
-1.119904773204056896e-03
-1.051500987395970893e-03
-9.850953817099072397e-04
-9.206715755755573438e-04
-8.582131569670586315e-04
-7.977036913071493046e-04
-7.391267318245160235e-04
-6.824658316283787295e-04
-6.277045578101120987e-04
-5.748265079539903542e-04
-5.238153295231285766e-04
-4.746547427071656517e-04
-4.273285674462692658e-04
-3.818207555477254583e-04
-3.381154290483430209e-04
-2.961969263012683090e-04
-2.560498577097621020e-04
-2.176591736188429735e-04
-1.810102477145340285e-04
-1.460889804281039926e-04
-1.128819285238969090e-04
-8.137646947344942950e-05
-5.156101286496512533e-05
-2.342527668584165431e-05
