-1.694320083395466992e-03
-1.613667239807549739e-03
-1.535073385189805913e-03
-1.458521806615395520e-03
-1.383995697419190167e-03
-1.311478158348818469e-03
-1.240952199008487017e-03
-1.172400739654217740e-03
-1.105806613376996090e-03
-1.041152568751249922e-03
-9.784212730050581650e-04
-9.175953158063222814e-04
-8.586572137593163206e-04
-8.015894157303726656e-04
-7.463743091452528606e-04
-6.929942274265770818e-04
-6.414314587744128059e-04
-5.916682565406832829e-04
-5.436868514959564656e-04
-4.974694663669005593e-04
-4.529983330982757708e-04
-4.102557134192484764e-04
-3.692239234354581035e-04
-3.298853631638661433e-04
-2.922225521905203274e-04
-2.562181729713988200e-04
-2.218551237803344754e-04
-1.891165839554045361e-04
-1.579860950219642163e-04
-1.284476625863368833e-04
-1.004858858209594827e-04
-7.408612423122817783e-05
-4.923471579798933891e-05
-2.591926752369619607e-05
-4.129050719834498183e-06
