-2.343309918425465037e-03
-2.256511828918523338e-03
-2.171720037695254284e-03
-2.088916721026997346e-03
-2.008083917148248757e-03
-1.929203524307021404e-03
-1.852257298788291366e-03
-1.777226852919222035e-03
-1.704093653048642781e-03
-1.632839017506914400e-03
-1.563444114546357197e-03
-1.495889960262586924e-03
-1.430157416497677752e-03
-1.366227188729337953e-03
-1.304079823945434972e-03
-1.243695708508152061e-03
-1.185055066007519942e-03
-1.128137955110259955e-03
-1.072924267404117568e-03
-1.019393725245710007e-03
-9.675258796077109997e-04
-9.173001079417837829e-04
-8.686956120507688481e-04
-8.216914159832036570e-04
-7.762663639567031655e-04
-7.323991183126611062e-04
-6.900681575187666466e-04
-6.492517742219416519e-04
-6.099280733691438009e-04
-5.720749704066208346e-04
-5.356701895733238621e-04
-5.006912623081859626e-04
-4.671155257900670189e-04
-4.349201216376667256e-04
-4.040819947981737778e-04
-3.745778926582064286e-04
-3.463843644211592470e-04
-3.194777608008793042e-04
-2.938342340914709043e-04
-2.694297386914247180e-04
-2.462400321717820033e-04
-2.242406770066851496e-04
-2.034070431087493303e-04
-1.837143113578430147e-04
-1.651374783575753269e-04
-1.476513627306528598e-04
-1.312306133599748189e-04
-1.158497201199593313e-04
-1.014830278362795636e-04
-8.810475449347046292e-05
-7.568901512107520889e-05
-6.420985341123238311e-05
-5.364128407938517510e-05
-4.395735050406080629e-05
-3.513220468623428586e-05
-2.714022084243319531e-05
-1.995616158483731750e-05
-1.355543005762720665e-05
-7.914470514597477316e-06
-3.011443875690788085e-06
