-1.079479286584977046e-03
-1.005142736240913172e-03
-9.329355231861532257e-04
-8.628433179190831684e-04
-7.948518597396610381e-04
-7.289469754828868057e-04
-6.651146011603277508e-04
-6.033408070520608754e-04
-5.436118269140045520e-04
-4.859140921152961274e-04
-4.302342717360460329e-04
-3.765593199082573799e-04
-3.248765320332473033e-04
-2.751736119758122325e-04
-2.274387529463187650e-04
-1.816607356371437762e-04
-1.378290483558866620e-04
-9.593403555063801530e-05
-5.596708350395090698e-05
-1.792085546080299954e-05
