-2.335866842116703437e-03
-2.249136675104123316e-03
-2.164413320371272494e-03
-2.081678962188986473e-03
-2.000915646973084727e-03
-1.922105281340130787e-03
-1.845229630139313872e-03
-1.770270314462821237e-03
-1.697208809634629702e-03
-1.626026443180083811e-03
-1.556704392772373770e-03
-1.489223684166538983e-03
-1.423565189112350462e-03
-1.359709623255089860e-03
-1.297637544023469425e-03
-1.237329348506620167e-03
-1.178765271323049119e-03
-1.121925382487324761e-03
-1.066789585272785159e-03
-1.013337614077283819e-03
-9.615490322976338790e-04
-9.114032302132478534e-04
-8.628794228887707576e-04
-8.159566481010215857e-04
-7.706137642958901020e-04
-7.268294485848452845e-04
-6.845821947909297911e-04
-6.438503115552493290e-04
-6.046119205154218239e-04
-5.668449545710758800e-04
-5.305271562563338653e-04
-4.956360762335003433e-04
-4.621490719375215554e-04
-4.300433063943039872e-04
-3.992957472481774837e-04
-3.698831660358158427e-04
-3.417821377562094902e-04
-3.149690407899244566e-04
-2.894200572404402290e-04
-2.651111737798188804e-04
-2.420181831062563258e-04
-2.201166861450812816e-04
-1.993820951589687950e-04
-1.797896379824050466e-04
-1.613143636537555672e-04
-1.439311498056048528e-04
-1.276147122903994752e-04
-1.123396176797212100e-04
-9.808029951412772902e-05
-8.481107951356517752e-05
-7.250619546859324294e-05
-6.113983829278551454e-05
-5.068620191399229635e-05
-4.111955159984397729e-05
-3.241431950963368077e-05
-2.454524180921160027e-05
-1.748756178772546048e-05
-1.121734293859078161e-05
-5.711976596105153978e-06
-9.510616525573642012e-07
