-1.814150022665275306e-03
-1.732326253673929263e-03
-1.652550388015854715e-03
-1.574805430742195686e-03
-1.499074279156546383e-03
-1.425339722814839092e-03
-1.353584443692218290e-03
-1.283791016546106337e-03
-1.215941909496894143e-03
-1.150019484871331191e-03
-1.086006000337402886e-03
-1.023883610384546464e-03
-9.636343681989833435e-04
-9.052402280018121729e-04
-8.486830479207767546e-04
-7.939445934871774664e-04
-7.410065418658897231e-04
-6.898504869420412581e-04
-6.404579454195576203e-04
-5.928103641178348801e-04
-5.468891286883076786e-04
-5.026755740290426771e-04
-4.601509967385179387e-04
-4.192966700267278853e-04
-3.800938616158550196e-04
-3.425238552955224623e-04
-3.065679769814775375e-04
-2.722076263727223576e-04
-2.394243156278704279e-04
-2.081997169341321817e-04
-1.785157214672773262e-04
-1.503545131280523682e-04
-1.236986617112367695e-04
-9.853124203996747768e-05
-7.483598841207425817e-05
-5.259749805834089891e-05
-3.180150423992209041e-05
-1.243525103878501217e-05
