-2.479181261689716344e-03
-2.391152718238473158e-03
-2.305121396162903950e-03
-2.221069339844842366e-03
-2.138978453141078626e-03
-2.058830497370263673e-03
-1.980607089278068993e-03
-1.904289698975143805e-03
-1.829859647845350802e-03
-1.757298106437116736e-03
-1.686586092322844149e-03
-1.617704467938481123e-03
-1.550633938400360068e-03
-1.485355049299338969e-03
-1.421848184474135699e-03
-1.360093563766104482e-03
-1.300071240754618364e-03
-1.241761100476467504e-03
-1.185142857129580993e-03
-1.130196051765289733e-03
-1.076900049966022848e-03
-1.025234039516756705e-03
-9.751770280691245303e-04
-9.267078407997398661e-04
-8.798051180706465725e-04
-8.344473130880065721e-04
-7.906126895690587537e-04
-7.482793194161178191e-04
-7.074250804046691666e-04
-6.680276538883935921e-04
-6.300645225256851049e-04
-5.935129680348723465e-04
-5.583500689794991881e-04
-5.245526985932166559e-04
-4.920975226503183572e-04
-4.609609973851378634e-04
-4.311193674719482598e-04
-4.025486640710242126e-04
-3.752247029492138228e-04
-3.491230826842388075e-04
-3.242191829623255138e-04
-3.004881629798605782e-04
-2.779049599589957995e-04
-2.564442877907883111e-04
-2.360806358160519108e-04
-2.167882677600248850e-04
-1.985412208332975258e-04
-1.813133050162395643e-04
-1.650781025429820070e-04
-1.498089676038400690e-04
-1.354790262855299406e-04
-1.220611767726979564e-04
-1.095280898334242406e-04
-9.785220961790880301e-05
-8.700575480090932718e-05
-7.696072010495504405e-05
-6.768887824772097368e-05
-5.916178236643450053e-05
-5.135076898616504993e-05
-4.422696161768828227e-05
-3.776127510012196970e-05
-3.192442084701556973e-05
-2.668691322390876771e-05
-2.201907739555906130e-05
-1.789105916487421783e-05
-1.427283764117555819e-05
-1.113424214123378653e-05
-8.444975791446099634e-06
-6.174650423454962345e-06
-4.292841909213011092e-06
-2.769185781540723471e-06
-1.573561390878441752e-06
-6.765025303396938502e-07
-5.034609075729389132e-08
