-1.501694420623569427e-03
-1.422962344138640600e-03
-1.346308662121938060e-03
-1.271717216711163887e-03
-1.199171787746764264e-03
-1.128656096791637439e-03
-1.060153811810709244e-03
-9.936485526163049004e-04
-9.291238971959978488e-04
-8.665633890693596195e-04
-8.059505458432075949e-04
-7.472688691712505316e-04
-6.905018563629500023e-04
-6.356330139435681197e-04
-5.826458735271857143e-04
-5.315240104540405351e-04
-4.822510657403493092e-04
-4.348107720363865274e-04
-3.891869844525251655e-04
-3.453637173542615027e-04
-3.033251885292612268e-04
-2.630558725429636029e-04
-2.245405656559470921e-04
-1.877644654575510693e-04
-1.527132694461483763e-04
-1.193732983397863577e-04
-8.773165215467206609e-05
-5.777641044741203065e-05
-2.949689324580077518e-05
-2.884007257639713379e-06
