-1.972792416472446929e-03
-1.889444948019967756e-03
-1.808131736947236022e-03
-1.728835476320095960e-03
-1.651538737832486652e-03
-1.576223970804175190e-03
-1.502873501236840718e-03
-1.431469530943824814e-03
-1.361994136767754509e-03
-1.294429269894347909e-03
-1.228756755284325652e-03
-1.164958291242326489e-03
-1.103015449143299534e-03
-1.042909673341660057e-03
-9.846222812985960630e-04
-9.281344639556834974e-04
-8.734272864030131469e-04
-8.204816888865958460e-04
-7.692784882140273409e-04
-7.197983796285392253e-04
-6.720219392302978880e-04
-6.259296270465159514e-04
-5.815017908647377408e-04
-5.387186709763800221e-04
-4.975604060006451855e-04
-4.580070400048764402e-04
-4.200385311844810230e-04
-3.836347624272094673e-04
-3.487755541760334120e-04
-3.154406801053291523e-04
-2.836098862715081019e-04
-2.532629145925489140e-04
-2.243795317604896464e-04
-1.969395650511228412e-04
-1.709229469833283433e-04
-1.463097714733448541e-04
-1.230803651304086224e-04
-1.012153788144131729e-04
-8.069590678462133446e-05
-6.150364419746781402e-05
-4.362109915993490992e-05
-2.703188453989019546e-05
-1.172113018884756840e-05
