-2.198204366673063483e-03
-2.112740476649375022e-03
-2.029293239503137530e-03
-1.947845003565011699e-03
-1.868377983650560152e-03
-1.790874259310950775e-03
-1.715315773077255232e-03
-1.641684328696915197e-03
-1.569961589370635555e-03
-1.500129075986921185e-03
-1.432168165362814743e-03
-1.366060088491848285e-03
-1.301785928806666742e-03
-1.239326620458177470e-03
-1.178662946623161827e-03
-1.119775537840669508e-03
-1.062644870392127038e-03
-1.007251264729953476e-03
-9.535748839698593351e-04
-9.015957324559935792e-04
-8.512936544167685332e-04
-8.026483327273759147e-04
-7.556392878009190626e-04
-7.102458766298554854e-04
-6.664472920075632280e-04
-6.242225619640500702e-04
-5.835505494523331952e-04
-5.444099523352119224e-04
-5.067793037269020893e-04
-4.706369727594419245e-04
-4.359611658516734413e-04
-4.027299285852568096e-04
-3.709211483058369257e-04
-3.405125576028892719e-04
-3.114817388543504855e-04
-2.838061300715209907e-04
-2.574630323411791983e-04
-2.324296192467169536e-04
-2.086829487541248969e-04
-1.861999782062431503e-04
-1.649575832663924052e-04
-1.449325819421655318e-04
-1.261017652231449858e-04
-1.084419364514446689e-04
-9.192996240382078762e-05
-7.654284036272219951e-05
-6.225778745998949201e-05
-4.905236177913336129e-05
-3.690462998150954290e-05
-2.579340529795926849e-05
-1.569859608134499356e-05
-6.601736362542840776e-06
