-1.436245113683262513e-03
-1.358177075625140607e-03
-1.282194517643664867e-03
-1.208281503984976217e-03
-1.136422050426925652e-03
-1.066600129665006176e-03
-9.987996775410461388e-04
-9.330046002544169995e-04
-8.691987827084620170e-04
-8.073660981857173772e-04
-7.474904195794125151e-04
-6.895556324496953781e-04
-6.335456502455080524e-04
-5.794444320915748993e-04
-5.272360036424398027e-04
-4.769044816191690250e-04
-4.284341028033139824e-04
-3.818092584517999359e-04
-3.370145353688695799e-04
-2.940347652116862085e-04
-2.528550840773345220e-04
-2.134610050548799848e-04
-1.758385073164728675e-04
-1.399741465586575018e-04
-1.058551933999829947e-04
-7.346980894377559668e-05
-4.280727064199315609e-05
-1.385826759794009564e-05
