-2.496194608729030047e-03
-2.408013231401488763e-03
-2.321827978334548188e-03
-2.237620879177437076e-03
-2.155373822842240883e-03
-2.075068555491069167e-03
-1.996686678500091301e-03
-1.920209646395505676e-03
-1.845618764767049426e-03
-1.772895188153531410e-03
-1.702019917906247033e-03
-1.632973800029545886e-03
-1.565737522998826093e-03
-1.500291615553784328e-03
-1.436616444477885422e-03
-1.374692212351685773e-03
-1.314498955293754139e-03
-1.256016540681739171e-03
-1.199224664861237065e-03
-1.144102850840533802e-03
-1.090630445974844712e-03
-1.038786619642249713e-03
-9.885503609134336199e-04
-9.399004762176974611e-04
-8.928155870086688147e-04
-8.472741274332775459e-04
-8.032543420046627533e-04
-7.607342832863559596e-04
-7.196918095905455951e-04
-6.801045826922954077e-04
-6.419500655687282540e-04
-6.052055201632038951e-04
-5.698480051853109171e-04
-5.358543739472801468e-04
-5.032012722470559493e-04
-4.718651363016955935e-04
-4.418221907403459075e-04
-4.130484466637460357e-04
-3.855196997772454472e-04
-3.592115286073630279e-04
-3.340992928112479325e-04
-3.101581315870225765e-04
-2.873629621969792558e-04
-2.656884786144938300e-04
-2.451091503051130017e-04
-2.255992211551998859e-04
-2.071327085604183279e-04
-1.896834026881759154e-04
-1.732248659271394076e-04
-1.577304325407173505e-04
-1.431732085381307940e-04
-1.295260717805775549e-04
-1.167616723395938593e-04
-1.048524331245979463e-04
-9.377055079897781667e-05
-8.348799700281448995e-05
-7.397651990278476179e-05
-6.520764608885007809e-05
-5.715268283892054334e-05
-4.978272077258922895e-05
-4.306863691576099876e-05
-3.698109819826735187e-05
-3.149056540698086983e-05
-2.656729761690795365e-05
-2.218135712367615118e-05
-1.830261490042814397e-05
-1.490075660299708953e-05
-1.194528914814526343e-05
-9.405547891084379904e-06
-7.250704432176406336e-06
-5.449775089588280958e-06
-3.971630089758440502e-06
-2.785003560844161307e-06
-1.858504491979901246e-06
-1.160629021733561747e-06
-6.597749938106555735e-07
-3.242616740383733494e-07
-1.223660505180259430e-07
-2.244554575449702157e-08
