-2.242475272447117234e-03
-2.156602059905692037e-03
-2.072742264878787988e-03
-1.990878179477548020e-03
-1.910991960684987629e-03
-1.833065628530106475e-03
-1.757081064240110808e-03
-1.683020008389992609e-03
-1.610864059030373951e-03
-1.540594669817051815e-03
-1.472193148127856448e-03
-1.405640653178125837e-03
-1.340918194137230568e-03
-1.278006628250280075e-03
-1.216886658966156304e-03
-1.157538834081230355e-03
-1.099943543900434818e-03
-1.044081019427595906e-03
-9.899313305878798715e-04
-9.374743844928273232e-04
-8.866899237588929134e-04
-8.375575248912340513e-04
-7.900565967457747829e-04
-7.441663790842367558e-04
-6.998659412451066313e-04
-6.571341809471206502e-04
-6.159498232538212006e-04
-5.762914197283064074e-04
-5.381373478152240517e-04
-5.014658104915085263e-04
-4.662548362353009334e-04
-4.324822793796236943e-04
-4.001258209191586412e-04
-3.691629698645703555e-04
-3.395710652549496019e-04
-3.113272789660957978e-04
-2.844086194856246274e-04
-2.587919368710582947e-04
-2.344539291648347267e-04
-2.113711506166114336e-04
-1.895200221657900789e-04
-1.688768447800188474e-04
-1.494178164371969789e-04
-1.311190538127688732e-04
-1.139566201210836111e-04
-9.790656112366557910e-05
-8.294495215798697416e-05
-6.904796031095214177e-05
-5.619192785475449995e-05
-4.435348627182128533e-05
-3.350971555605418856e-05
-2.363837282790088595e-05
-1.471823144524684869e-05
-6.729605243482843060e-06
