-1.165311353813184734e-03
-1.090058869802613701e-03
-1.016924280728235142e-03
-9.458927995162224765e-04
-8.769496716804566112e-04
-8.100801896449808404e-04
-7.452697092489498363e-04
-6.825036688265616195e-04
-6.217676113282242199e-04
-5.630472100711746532e-04
-5.063282988228164343e-04
-4.515969071171052444e-04
-3.988393019087537014e-04
-3.480420369822586311e-04
-2.991920119114913155e-04
-2.522765428993297213e-04
-2.072834485346951175e-04
-1.642011544868933796e-04
-1.230188225312138961e-04
-8.372651126231689704e-05
-4.631537869890286346e-05
-1.077794122246190697e-05
