-2.274477376155424960e-03
-2.188309525771778372e-03
-2.104152796485794178e-03
-2.021989441859017335e-03
-1.941801579291033922e-03
-1.863571188146364872e-03
-1.787280107858742369e-03
-1.712910036020101395e-03
-1.640442526455131861e-03
-1.569858987281894623e-03
-1.501140678959250784e-03
-1.434268712326637607e-03
-1.369224046636523468e-03
-1.305987487582224802e-03
-1.244539685326884453e-03
-1.184861132533699454e-03
-1.126932162407100983e-03
-1.070732946743263667e-03
-1.016243494001160732e-03
-9.634436473996432510e-04
-9.123130830460624225e-04
-8.628313081082643722e-04
-8.149776590355671535e-04
-7.687312998482430599e-04
-7.240712204989260435e-04
-6.809762353305139938e-04
-6.394249816450191595e-04
-5.993959184037592550e-04
-5.608673250881613011e-04
-5.238173007471887523e-04
-4.882237632700747254e-04
-4.540644489244526874e-04
-4.213169122125021257e-04
-3.899585261064183409e-04
-3.599664827361791306e-04
-3.313177946243891559e-04
-3.039892965770249890e-04
-2.779576483736537662e-04
-2.531993384297514128e-04
-2.296906886548194537e-04
-2.074078607874757778e-04
-1.863268645749121286e-04
-1.664235682717538339e-04
-1.476737120887885090e-04
-1.300529254355032346e-04
-1.135367491041010886e-04
-9.810066398203791654e-05
-8.372012852654047593e-05
-7.037062821525866827e-05
-5.802774170079781711e-05
-4.666723081673199841e-05
-3.626516558133516168e-05
-2.679810221576235359e-05
-1.824334459431505907e-05
-1.057934323302520780e-05
-3.786334551838347619e-06
