-2.495531629459618161e-03
-2.407356202715559002e-03
-2.321176942826316900e-03
-2.236975880007489176e-03
-2.154734903745583741e-03
-2.074435760786043446e-03
-1.996060053096041041e-03
-1.919589235800028132e-03
-1.845004615093686837e-03
-1.772287346130397125e-03
-1.701418430883458585e-03
-1.632378715986728974e-03
-1.565148890551062511e-03
-1.499709483962600358e-03
-1.436040863655098799e-03
-1.374123232868241064e-03
-1.313936628386732546e-03
-1.255460918260841623e-03
-1.198675799514842093e-03
-1.143560795842586122e-03
-1.090095255290910933e-03
-1.038258347934910286e-03
-9.880290635478738547e-04
-9.393862092669620027e-04
-8.923084072579925974e-04
-8.467740923839478301e-04
-8.027615098784093850e-04
-7.602487130283228436e-04
-7.192135608713191288e-04
-6.796337159103865450e-04
-6.414866418518958826e-04
-6.047496013687503899e-04
-5.693996538999854294e-04
-5.354136534862924141e-04
-5.027682466516939777e-04
-4.714398703369294626e-04
-4.414047498906367869e-04
-4.126388971281496568e-04
-3.851181084625644995e-04
-3.588179631218590569e-04
-3.337138214546990435e-04
-3.097808233410353292e-04
-2.869938867136394528e-04
-2.653277062027802166e-04
-2.447567519164421950e-04
-2.252552683667928698e-04
-2.067972735573501855e-04
-1.893565582431435052e-04
-1.729066853790199641e-04
-1.574209897706660552e-04
-1.428725779441591341e-04
-1.292343282500820259e-04
-1.164788912200343950e-04
-1.045786901926394375e-04
-9.350592222777487990e-05
-8.323255932805196527e-05
-7.373034998758164107e-05
-6.497082108804669862e-05
-5.692528016334086512e-05
-4.956481805434270597e-05
-4.286031197568762662e-05
-3.678242901735534058e-05
-3.130163010425110823e-05
-2.638817443757609374e-05
-2.201212444262575497e-05
-1.814335124890876214e-05
-1.475154073039542491e-05
-1.180620013698077966e-05
-9.276665354339114669e-06
-7.132108840884083609e-06
-5.341548312857376425e-06
-3.873856295083049722e-06
-2.697770756646200627e-06
-1.781907289799396144e-06
-1.094773914446981945e-06
-6.047914413526830165e-07
-2.803289562846870267e-07
-8.979592034859648207e-08
-2.119958551838907433e-09
