-1.635194689571522683e-03
-1.555126235556302753e-03
-1.477122509121875284e-03
-1.401166953357745309e-03
-1.327242925969163503e-03
-1.255333701151729094e-03
-1.185422471853898830e-03
-1.117492352483350545e-03
-1.051526382127414023e-03
-9.875075283678398132e-04
-9.254186917810895609e-04
-8.652427112346049642e-04
-8.069623701192717548e-04
-7.505604036636939931e-04
-6.960195075312934458e-04
-6.433223479234064391e-04
-5.924515734697752712e-04
-5.433898292460336270e-04
-4.961197733390585330e-04
-4.506240964794974604e-04
-4.068855453919604397e-04
-3.648869506848155682e-04
-3.246112603174883086e-04
-2.860415799922053667e-04
-2.491612222036751327e-04
-2.139537662402709835e-04
-1.804031321820813753e-04
-1.484936730211927343e-04
-1.182102905638762990e-04
-8.953858304456211576e-05
-6.246503577511273650e-05
-3.697727139559273471e-05
-1.306438461808531116e-05
