-1.407586487426539835e-03
-1.329811115796726562e-03
-1.254124411817455044e-03
-1.180510543042870503e-03
-1.108953635211990408e-03
-1.039437778310894293e-03
-9.719470335715274176e-04
-9.064654415618710135e-04
-8.429770315423019359e-04
-7.814658323057283116e-04
-7.219158847532806782e-04
-6.643112565238520765e-04
-6.086360590468421414e-04
-5.548744674921574126e-04
-5.030107441780160005e-04
-4.530292661576198446e-04
-4.049145578676186701e-04
-3.586513299674361113e-04
-3.142245258044108541e-04
-2.716193773582672088e-04
-2.308214730789523461e-04
-1.918168408103787406e-04
-1.545920500717572329e-04
-1.191343395106688071e-04
-8.543177756444398708e-05
-5.347346767532117995e-05
-2.324981440592230558e-05
