-1.510881393884338500e-03
-1.432056583544915425e-03
-1.355309194067970098e-03
-1.280623037884974719e-03
-1.207981863330509845e-03
-1.137369358489086126e-03
-1.068769155679754257e-03
-1.002164836676528456e-03
-9.375399387836767014e-04
-8.748779618992597127e-04
-8.141623767368756388e-04
-7.553766343988673002e-04
-6.985041775347482608e-04
-6.435284533787249527e-04
-5.904329290092289210e-04
-5.392011092593613272e-04
-4.898165578097043657e-04
-4.422629221151155626e-04
-3.965239629953150801e-04
-3.525835899274073885e-04
-3.104259033728127225e-04
-2.700352458611161464e-04
-2.313962640719003923e-04
-1.944939848837453690e-04
-1.593139093741994345e-04
-1.258421301862725210e-04
-9.406547977633954876e-05
-6.397172014808159054e-05
-3.554978939588774927e-05
-8.790127743158372578e-06
