-2.304347057391044166e-03
-2.217905135671769876e-03
-2.133472222940393549e-03
-2.051030538297697343e-03
-1.970562163811936593e-03
-1.892049042608857663e-03
-1.815472976937323405e-03
-1.740815626215403257e-03
-1.668058505059923178e-03
-1.597182981295245524e-03
-1.528170273949277895e-03
-1.461001451232885225e-03
-1.395657428509326997e-03
-1.332118966251913308e-03
-1.270366667996648434e-03
-1.210380978288474801e-03
-1.152142180628035629e-03
-1.095630395422076374e-03
-1.040825577940204805e-03
-9.877075162849483815e-04
-9.362558293801083063e-04
-8.864499649849687593e-04
-8.382691977392453270e-04
-7.916926272527611066e-04
-7.466991762429483776e-04
-7.032675887382351795e-04
-6.613764283568767484e-04
-6.210040766775798459e-04
-5.821287317214733506e-04
-5.447284065647961179e-04
-5.087809281089850826e-04
-4.742639360365919279e-04
-4.411548819893615077e-04
-4.094310290088471675e-04
-3.790694512925298749e-04
-3.500470343238276118e-04
-3.223404754526538172e-04
-2.959262850173455662e-04
-2.707807881203355195e-04
-2.468801272000836853e-04
-2.242002655760588672e-04
-2.027169921941744245e-04
-1.824059278619843071e-04
-1.632425333532291694e-04
-1.452021198783257007e-04
-1.282598625850587799e-04
-1.123908179879010871e-04
-9.756994656282226488e-05
-8.377214223889852636e-05
-7.097227126133763542e-05
-5.914522404332257392e-05
-4.826598542921824609e-05
-3.830973174564198704e-05
-2.925196802674098220e-05
-2.106872770100032440e-05
-1.373687370196976456e-05
-7.234573368069937927e-06
-1.542092239823194405e-06
