-2.339610241517220499e-03
-2.252845906927186410e-03
-2.168088125884458546e-03
-2.085319078626373182e-03
-2.004520807443311518e-03
-1.925675214730360402e-03
-1.848764061017093424e-03
-1.773768962974303382e-03
-1.700671391397648186e-03
-1.629452669172365073e-03
-1.560093969218264483e-03
-1.492576312413969059e-03
-1.426880565509171337e-03
-1.362987439015165766e-03
-1.300877485088988489e-03
-1.240531095401769613e-03
-1.181928499002012078e-03
-1.125049760170570082e-03
-1.069874776276524136e-03
-1.016383275631329002e-03
-9.645548153517066780e-04
-9.143687792300894549e-04
-8.658043756239717798e-04
-8.188406353657681769e-04
-7.734564097004242508e-04
-7.296303682636702016e-04
-6.873409971034199475e-04
-6.465665967594303939e-04
-6.072852804131452292e-04
-5.694749721180376954e-04
-5.331134051316343929e-04
-4.981781203654951857e-04
-4.646464649755929505e-04
-4.324955911201534484e-04
-4.017024549152883655e-04
-3.722438156261924738e-04
-3.440962351372125506e-04
-3.172360777556175199e-04
-2.916395104135837985e-04
-2.672825033479231090e-04
-2.441408313579556798e-04
-2.221900757639725006e-04
-2.014056272214696818e-04
-1.817626895920312631e-04
-1.632362851237022434e-04
-1.458012612765247843e-04
-1.294322996324147356e-04
-1.141039274810153444e-04
-9.979053288367005666e-05
-8.646638432735612211e-05
-7.410565653682434605e-05
-6.268246470129424373e-05
-5.217091044249543220e-05
-4.254514455971113905e-05
-3.377945441745688622e-05
-2.584838870377524937e-05
-1.872694106566577256e-05
-1.239083088693676300e-05
-6.816953818648223401e-06
-1.984151674180137888e-06
