-1.368809168512187188e-03
-1.291431677194293266e-03
-1.216147252078312972e-03
-1.142940206727555922e-03
-1.071794822522732478e-03
-1.002695355722513790e-03
-9.356260456055936862e-04
-8.705711238650959112e-04
-8.075148254692667872e-04
-7.464414012388025229e-04
-6.873351324423393948e-04
-6.301803477812235659e-04
-5.749614432117085717e-04
-5.216629051603731892e-04
-4.702693378193429675e-04
-4.207654953801121759e-04
-3.731363202900724995e-04
-3.273669889041657451e-04
-2.834429663085631830e-04
-2.413500726103760027e-04
-2.010745637237153108e-04
-1.626032306845012201e-04
-1.259235229554517364e-04
-9.102370323656206743e-05
-5.789304431273697472e-05
-2.652208302203001055e-05
