-2.291807180747195295e-03
-2.205480210399552062e-03
-2.121163132106219755e-03
-2.038838179259933134e-03
-1.958487448575997603e-03
-1.880092898195265868e-03
-1.803636345767645806e-03
-1.729099466513252725e-03
-1.656463791271503127e-03
-1.585710704528204597e-03
-1.516821442433445577e-03
-1.449777090804874654e-03
-1.384558583120807642e-03
-1.321146698507254464e-03
-1.259522059719245940e-03
-1.199665131121010683e-03
-1.141556216668345326e-03
-1.085175457900949001e-03
-1.030502831941163509e-03
-9.775181495157818368e-04
-9.262010529990417646e-04
-8.765310144872983517e-04
-8.284873339153567750e-04
-7.820491372211796702e-04
-7.371953745734616086e-04
-6.939048186725999424e-04
-6.521560631431809864e-04
-6.119275210327585618e-04
-5.731974234415266418e-04
-5.359438183034097216e-04
-5.001445693512716418e-04
-4.657773552988719304e-04
-4.328196692809398909e-04
-4.012488186007962432e-04
-3.710419248466867697e-04
-3.421759244462697610e-04
-3.146275697517308696e-04
-2.883734307629796738e-04
-2.633898976253222111e-04
-2.396531840742978684e-04
-2.171393320432740432e-04
-1.958242177113971017e-04
-1.756835593518164568e-04
-1.566929274496291094e-04
-1.388277577124086629e-04
-1.220633678122784780e-04
-1.063749790033660409e-04
-9.173774420446699203e-05
-7.812678479878734823e-05
-6.551723940497125999e-05
-5.388432944381829593e-05
-4.320344884872458560e-05
-3.345028947889919143e-05
-2.460102111701442144e-05
-1.663255832083039744e-05
-9.522972398617950515e-06
-3.252161242515787774e-06
