-2.296030730993755230e-03
-2.209665026331141674e-03
-2.125308915712842157e-03
-2.042944627689226647e-03
-1.962554254012626506e-03
-1.884119747735134298e-03
-1.807622921285329323e-03
-1.733045444525592449e-03
-1.660368842792624275e-03
-1.589574494921113922e-03
-1.520643631249280186e-03
-1.453557331619040023e-03
-1.388296523358194040e-03
-1.324841979256770287e-03
-1.263174315539733169e-03
-1.203273989834787415e-03
-1.145121299143764476e-03
-1.088696377816718991e-03
-1.033979195540486555e-03
-9.809495553394934151e-04
-9.295870916011278896e-04
-8.798712681287017019e-04
-8.317813762330193185e-04
-7.852965328716634587e-04
-7.403956788437013325e-04
-6.970575770581815709e-04
-6.552608108861982059e-04
-6.149837826147951710e-04
-5.762047120255512321e-04
-5.389016351164915668e-04
-5.030524029991812612e-04
-4.686346810016329598e-04
-4.356259480164910783e-04
-4.040034961421941698e-04
-3.737444306712736728e-04
-3.448256704978037556e-04
-3.172239490243758983e-04
-2.909158156743478236e-04
-2.658776381359484638e-04
-2.420856054994645161e-04
-2.195157324908941538e-04
-1.981438650599713180e-04
-1.779456876586832425e-04
-1.588967326461451454e-04
-1.409723923992482449e-04
-1.241479349025919091e-04
-1.083985238746559100e-04
-9.369924489131847183e-05
-8.002513956831150497e-05
-6.735125077230751426e-05
-5.565268324040425086e-05
-4.490468624291177546e-05
-3.508276866236146349e-05
-2.616286330546580208e-05
-1.812156892730159275e-05
-1.093652082271588235e-05
-4.586986974971474637e-06
