-2.187889926880542957e-03
-2.102521693865354487e-03
-2.019170877475220342e-03
-1.937819839637572924e-03
-1.858450809171563294e-03
-1.781045880060735422e-03
-1.705587009720771442e-03
-1.632056017260799345e-03
-1.560434581746845874e-03
-1.490704240466513269e-03
-1.422846387202446067e-03
-1.356842270516361078e-03
-1.292672992049735898e-03
-1.230319504847258733e-03
-1.169762611710642398e-03
-1.110982963590878255e-03
-1.053961058024370425e-03
-9.986772376287928431e-04
-9.451116886684208986e-04
-8.932444397009937833e-04
-8.430553603270131251e-04
-7.945241600558764416e-04
-7.476303873161545136e-04
-7.023534286299161359e-04
-6.586725079903350301e-04
-6.165666864697070659e-04
-5.760148621097400598e-04
-5.369957701402550262e-04
-4.994879835918389008e-04
-4.634699143755198437e-04
-4.289198149213578701e-04
-3.958157804865097221e-04
-3.641357522708042662e-04
-3.338575215057729855e-04
-3.049587347318228302e-04
-2.774169005255192272e-04
-2.512093980147564205e-04
-2.263134876137890949e-04
-2.027063245353627561e-04
-1.803649758126466386e-04
-1.592664418030379772e-04
-1.393876834781354016e-04
-1.207056572874250938e-04
-1.031973600750106827e-04
-8.683988756373809520e-05
-7.161051149273773230e-05
-5.748678295151440437e-05
-4.444667342139337063e-05
-3.246877167298613232e-05
-2.153256626649565882e-05
-1.161886474030900465e-05
-2.710442366821727914e-06
