-2.110853267513724922e-03
-2.026203015962923116e-03
-1.943576008018989363e-03
-1.862954713411591086e-03
-1.784321472220914886e-03
-1.707658493342468792e-03
-1.632947852964536720e-03
-1.560171493059346777e-03
-1.489311219897239197e-03
-1.420348702584520824e-03
-1.353265471637846596e-03
-1.288042917601078764e-03
-1.224662289711664874e-03
-1.163104694626897109e-03
-1.103351095229878698e-03
-1.045382309517117530e-03
-9.891790095955654144e-04
-9.347217207999545651e-04
-8.819908209579680868e-04
-8.309665398268660822e-04
-7.816289587302871402e-04
-7.339580104366659041e-04
-6.879334793144010508e-04
-6.435350018212565625e-04
-6.007420673819650545e-04
-5.595340197298281091e-04
-5.198900587972489279e-04
-4.817892432603851881e-04
-4.452104938651870554e-04
-4.101325976922047122e-04
-3.765342135523672877e-04
-3.443938787540041548e-04
-3.136900175444055309e-04
-2.844009516016819217e-04
-2.565049130681724575e-04
-2.299800607476838645e-04
-2.048045002825264510e-04
-1.809563093888170223e-04
-1.584135695845371582e-04
-1.371544063643996580e-04
-1.171570405075045263e-04
-9.839985429539884441e-05
-8.086147804862509666e-05
-6.452090491794659148e-05
-4.935764588324227046e-05
-3.535194353574126514e-05
-2.248507457468882029e-05
-1.073979138758955299e-05
-1.009920735828813903e-07
