-2.492482051726311893e-03
-2.404334001822174948e-03
-2.318182314859632085e-03
-2.234009023670647815e-03
-2.151796020395242877e-03
-2.071525054466517076e-03
-1.993177730577400716e-03
-1.916735506615026762e-03
-1.842179691573531727e-03
-1.769491443440890550e-03
-1.698651767061760270e-03
-1.629641511975966645e-03
-1.562441370236906154e-03
-1.497031874206861428e-03
-1.433393394330864440e-03
-1.371506136893498474e-03
-1.311350141756753226e-03
-1.252905280080685111e-03
-1.196151252030913398e-03
-1.141067584472429822e-03
-1.087633628651775127e-03
-1.035828557872499637e-03
-9.856313651614649184e-04
-9.370208609345150822e-04
-8.899756706593767641e-04
-8.444742325214112024e-04
-8.004947950956104548e-04
-7.580154150273010587e-04
-7.170139547262262053e-04
-6.774680800798133038e-04
-6.393552581868877562e-04
-6.026527551185572717e-04
-5.673376337150906092e-04
-5.333867514165296442e-04
-5.007767581420600675e-04
-4.694840942180649834e-04
-4.394849883662168004e-04
-4.107554557569205998e-04
-3.832712961369817142e-04
-3.570080920397395124e-04
-3.319412070875869185e-04
-3.080457843965711973e-04
-2.852967450921685606e-04
-2.636687869482881065e-04
-2.431363831621129027e-04
-2.236737812743881725e-04
-2.052550022509303711e-04
-1.878538397372364306e-04
-1.714438595010578284e-04
-1.559983990790808097e-04
-1.414905676415452343e-04
-1.278932460936988487e-04
-1.151790874300133053e-04
-1.033205173602532644e-04
-9.228973522605276561e-05
-8.205871522834237816e-05
-7.259920798631760877e-05
-6.388274245026783307e-05
-5.588062819114532229e-05
-4.856395809162218137e-05
-4.190361146495278992e-05
-3.587025763054755862e-05
-3.043435997813190487e-05
-2.556618055784490244e-05
-2.123578524078860024e-05
-1.741304950721880057e-05
-1.406766493984094022e-05
-1.116914653552432468e-05
-8.686841012668870262e-06
-6.589936412648312825e-06
-4.847473534062695357e-06
-3.428360247992707763e-06
-2.301390908017475297e-06
-1.435276020749729072e-06
-7.986958875605923260e-07
-3.604219497599873119e-07
-8.969461823857956235e-08
