-1.821803920021001100e-03
-1.739905957413327361e-03
-1.660055213688902201e-03
-1.582234677324458310e-03
-1.506427228272538745e-03
-1.432615637901049621e-03
-1.360782569093509130e-03
-1.290910576535905536e-03
-1.222982107215389623e-03
-1.156979501168777088e-03
-1.092884992512830949e-03
-1.030680710806157387e-03
-9.703486827910376856e-04
-9.118708345790709543e-04
-8.552289943493426427e-04
-8.004048956494714748e-04
-7.473801813971729614e-04
-6.961364087058461618e-04
-6.466550546806023800e-04
-5.989175233606265636e-04
-5.529051540242441165e-04
-5.085992311183379962e-04
-4.659809961359872351e-04
-4.250316618433508799e-04
-3.857324293591340883e-04
-3.480645087166418165e-04
-3.120091437125767516e-04
-2.775476420770979827e-04
-2.446614123042042000e-04
-2.133320089037541410e-04
-1.835411884231359907e-04
-1.552709794003807246e-04
-1.285037705991316239e-04
-1.032224235953998272e-04
-7.941041837303388978e-05
-5.705204456000496628e-05
-3.613265722541962756e-05
-1.663902646128840923e-05
