-2.410884271113795767e-03
-2.323472005939498063e-03
-2.238061453406796440e-03
-2.154634720932910481e-03
-2.073173776472789047e-03
-1.993660446529140883e-03
-1.916076414128704049e-03
-1.840403216780544474e-03
-1.766622244404457854e-03
-1.694714737236274141e-03
-1.624661783709303517e-03
-1.556444318313775655e-03
-1.490043119432390550e-03
-1.425438807157061033e-03
-1.362611841083198865e-03
-1.301542518090027410e-03
-1.242210970099108785e-03
-1.184597161820821840e-03
-1.128680888487842721e-03
-1.074441773576143878e-03
-1.021859266518838428e-03
-9.709126404139250058e-04
-9.215809897287827309e-04
-8.738432280053498591e-04
-8.276780855713814552e-04
-7.830641072572286886e-04
-7.399796501277025249e-04
-6.984028812321835646e-04
-6.583117753770895402e-04
-6.196841129296898083e-04
-5.824974776598455589e-04
-5.467292546253554441e-04
-5.123566281127197664e-04
-4.793565796419986882e-04
-4.477058860464789821e-04
-4.173811176418179797e-04
-3.883586364975639624e-04
-3.606145948284528104e-04
-3.341249335264064469e-04
-3.088653808517900648e-04
-2.848114513157803149e-04
-2.619384447800778655e-04
-2.402214458129031845e-04
-2.196353233466140852e-04
-2.001547306888713828e-04
-1.817541059547091804e-04
-1.644076730018356703e-04
-1.480894429715997338e-04
-1.327732165676485097e-04
-1.184325872428247282e-04
-1.050409455173006415e-04
-9.257148472420217457e-05
-8.099720858770144329e-05
-7.029094118764124403e-05
-6.042534009430451658e-05
-5.137291379794198688e-05
-4.310604509041744003e-05
-3.559702290452660116e-05
-2.881808651879772871e-05
-2.274148843773213225e-05
-1.733958656791575109e-05
-1.258498447139004247e-05
-8.450754996372460143e-06
-4.910818951668177159e-06
-1.940639914425996425e-06
