-2.424120423563074032e-03
-2.336588374486294958e-03
-2.251057156565666999e-03
-2.167508864502017997e-03
-2.085925453300331925e-03
-2.006288736272329298e-03
-1.928580383009738993e-03
-1.852781917335742049e-03
-1.778874715226651075e-03
-1.706840002712293330e-03
-1.636658853751072912e-03
-1.568312188080767632e-03
-1.501780769048366090e-03
-1.437045201417536154e-03
-1.374085929156782264e-03
-1.312883233207279808e-03
-1.253417229234130102e-03
-1.195667865362706056e-03
-1.139614919897458068e-03
-1.085237999033938005e-03
-1.032516534555878327e-03
-9.814297815296032113e-04
-9.319568159902940577e-04
-8.840765326293271694e-04
-8.377676424829112777e-04
-7.930086706264335029e-04
-7.497779538790374718e-04
-7.080536385235104788e-04
-6.678136780442936286e-04
-6.290358308923052737e-04
-5.916976582811670675e-04
-5.557765220223249026e-04
-5.212495824043928295e-04
-4.880937961312338991e-04
-4.562859143207207108e-04
-4.258024805811843044e-04
-3.966198291743874816e-04
-3.687140832800236316e-04
-3.420611533753741993e-04
-3.166367357526223697e-04
-2.924163111866085320e-04
-2.693751437856835838e-04
-2.474882800454337550e-04
-2.267305481440777277e-04
-2.070765575142062358e-04
-1.885006987408232866e-04
-1.709771438415784320e-04
-1.544798470004189218e-04
-1.389825458433773388e-04
-1.244587633685263837e-04
-1.108818106753260875e-04
-9.822479068317126704e-05
-8.646060309047741508e-05
-7.556195091664045041e-05
-6.550134909839017811e-05
-5.625113580382836136e-05
-4.778348742133355987e-05
-4.007043863360383872e-05
-3.308390971699975069e-05
-2.679574441140368765e-05
-2.117776378198964760e-05
-1.620184522955760528e-05
-1.184004290956706213e-05
-8.064780257751325969e-06
-4.849177260746370045e-06
-2.167654092746349455e-06
