-2.093247348891434309e-03
-2.008762071713771948e-03
-1.926301400967981529e-03
-1.845847832632882199e-03
-1.767383733937548515e-03
-1.690891341878714496e-03
-1.616352761756608900e-03
-1.543749965729877436e-03
-1.473064791399590449e-03
-1.404278940425073875e-03
-1.337373977182226186e-03
-1.272331327473661495e-03
-1.209132277297495428e-03
-1.147757971693151406e-03
-1.088189413669439021e-03
-1.030407463239378608e-03
-9.743928365749560420e-04
-9.201261053063919219e-04
-8.675876959873441048e-04
-8.167578897621274609e-04
-7.676168222621822159e-04
-7.201444837804378378e-04
-6.743207197644870065e-04
-6.301252316948524742e-04
-5.875375784087517308e-04
-5.465371779612999276e-04
-5.071033101172872778e-04
-4.692151196008474950e-04
-4.328516202488117228e-04
-3.979917002538027430e-04
-3.646141287227950395e-04
-3.326975638369484472e-04
-3.022205629689688226e-04
-2.731615952136045959e-04
-2.454990569140530488e-04
-2.192112909408617063e-04
-1.942766107128810719e-04
-1.706733302808885867e-04
-1.483798022446763672e-04
-1.273744659315064615e-04
-1.076359092168424354e-04
-8.914294877856516119e-05
-7.187473574433174796e-05
-5.581089707968692475e-05
-4.093172856735612883e-05
-2.721846448380694920e-05
-1.465366537139353134e-05
-3.221795538642685320e-06
