-2.484925301606999166e-03
-2.396845128097022885e-03
-2.310761804602884471e-03
-2.226657370490233052e-03
-2.144513724525911290e-03
-2.064312622864513010e-03
-1.986035677012879495e-03
-1.909664351768769214e-03
-1.835179963128148566e-03
-1.762563676175463688e-03
-1.691796502945526991e-03
-1.622859300260375958e-03
-1.555732767549783489e-03
-1.490397444641144509e-03
-1.426833709537598778e-03
-1.365021776169857235e-03
-1.304941692134002455e-03
-1.246573336411565007e-03
-1.189896417074013746e-03
-1.134890468974065038e-03
-1.081534851427788614e-03
-1.029808745884883050e-03
-9.796911535939238028e-04
-9.311608932648263604e-04
-8.841965987279253817e-04
-8.387767165958092287e-04
-7.948795039320647685e-04
-7.524830259274699947e-04
-7.115651535891736549e-04
-6.721035614495656169e-04
-6.340757252934534462e-04
-5.974589199157886565e-04
-5.622302169100411870e-04
-5.283664824941449551e-04
-4.958443753834880247e-04
-4.646403447119614458e-04
-4.347306280136679045e-04
-4.060912492692313669e-04
-3.786980170266232332e-04
-3.525265226051386134e-04
-3.275521383917736240e-04
-3.037500162389964050e-04
-2.810950859760917835e-04
-2.595620540446386300e-04
-2.391254022697321174e-04
-2.197593867803394809e-04
-2.014380370928450629e-04
-1.841351553706805256e-04
-1.678243158773204055e-04
-1.524788646377039903e-04
-1.380719193264027915e-04
-1.245763694013635235e-04
-1.119648765029965264e-04
-1.002098751411000655e-04
-8.928357369334760738e-05
-7.915795574235114746e-05
-6.980478178026668741e-05
-6.119559131578152238e-05
-5.330170542321769998e-05
-4.609422978153258324e-05
-3.954405826373846497e-05
-3.362187715396942195e-05
-2.829817009693964193e-05
-2.354322392685873294e-05
-1.932713559158780279e-05
-1.561982050297891511e-05
-1.239102284456249329e-05
-9.610328730116439027e-06
-7.247183796643384125e-06
-5.270918207581537550e-06
-3.650785064919848853e-06
-2.356025425968457008e-06
-1.355992495823836320e-06
-6.204296625072787635e-07
-1.202599827360262425e-07
