-1.719037043210297835e-03
-1.638141217796090267e-03
-1.559302036320000650e-03
-1.482502724065656733e-03
-1.407726409386866190e-03
-1.334956124584693897e-03
-1.264174807053496368e-03
-1.195365300732359037e-03
-1.128510357913848185e-03
-1.063592641458066274e-03
-1.000594727479313818e-03
-9.394991085792703559e-04
-8.802881977133774748e-04
-8.229443327960569207e-04
-7.674497821678663003e-04
-7.137867510752650239e-04
-6.619373893388160986e-04
-6.118838004303111394e-04
-5.636080522183545879e-04
-5.170921897105860282e-04
-4.723182501844866259e-04
-4.292682812082946708e-04
-3.879243621659604103e-04
-3.482686300750927879e-04
-3.102833106919253227e-04
-2.739507561947979869e-04
-2.392534911172252104e-04
-2.061742687470292370e-04
-1.746961409425453230e-04
-1.448025453789504157e-04
-1.164774157557034678e-04
-8.970532274426514690e-05
-6.447165684475108897e-05
-4.076286957931281318e-05
-1.856679787023366585e-05
