-2.346965861408660016e-03
-2.260134429254431927e-03
-2.175309043571651332e-03
-2.092471876733366289e-03
-2.011604962988808656e-03
-1.932690196508965279e-03
-1.855709329411185052e-03
-1.780643969754764494e-03
-1.707475579521986137e-03
-1.636185472571057443e-03
-1.566754812574720247e-03
-1.499164610933189984e-03
-1.433395724675922854e-03
-1.369428854343910078e-03
-1.307244541858118645e-03
-1.246823168376613201e-03
-1.188144952142748461e-03
-1.131189946324732661e-03
-1.075938036851831507e-03
-1.022368940251772553e-03
-9.704622014907497100e-04
-9.201971918188648139e-04
-8.715531066347994692e-04
-8.245089633629058877e-04
-7.790435993596969526e-04
-7.351356698521655311e-04
-6.927636459164399031e-04
-6.519058125096046687e-04
-6.125402665618128384e-04
-5.746449151447096011e-04
-5.381974737293974227e-04
-5.031754645524069789e-04
-4.695562151092172107e-04
-4.373168567978892953e-04
-4.064343237444773579e-04
-3.768853518382580528e-04
-3.486464780214749786e-04
-3.216940398780952109e-04
-2.960041755798087154e-04
-2.715528242621491947e-04
-2.483157269145399378e-04
-2.262684278946573788e-04
-2.053862772032359531e-04
-1.856444336893933440e-04
-1.670178694096254458e-04
-1.494813754264351390e-04
-1.330095694229145684e-04
-1.175769056363032959e-04
-1.031576877886931475e-04
-8.972608595025078335e-05
-7.725615864013549963e-05
-6.572188203477596338e-05
-5.509718901038388687e-05
-4.535602210806199443e-05
-3.647240672893298967e-05
-2.842055462795665521e-05
-2.117501443088551255e-05
-1.471089832717744283e-05
-9.004238839860822727e-06
-4.032583049068457168e-06
