-1.910366710628243246e-03
-1.827615320020761075e-03
-1.746903423859870116e-03
-1.668213830342525628e-03
-1.591529231069128405e-03
-1.516832200374528244e-03
-1.444105194756025324e-03
-1.373330552414840731e-03
-1.304490492923187890e-03
-1.237567117046580508e-03
-1.172542406736202820e-03
-1.109398225322737620e-03
-1.048116317948299394e-03
-9.886783122639594776e-04
-9.310657194469466966e-04
-8.752599355816252777e-04
-8.212422434696457253e-04
-7.689938149414384840e-04
-7.184957137493192892e-04
-6.697288991544983298e-04
-6.226742303216403762e-04
-5.773124716763708853e-04
-5.336242994043315264e-04
-4.915903093129394934e-04
-4.511910263293677603e-04
-4.124069159705603406e-04
-3.752183982069457954e-04
-3.396058642518006983e-04
-3.055496969479496675e-04
-2.730302956166348561e-04
-2.420281064910489782e-04
-2.125236602025307989e-04
-1.844976182742165925e-04
-1.579308312547655696e-04
-1.328044120947896459e-04
-1.090998297896783554e-04
-8.679903042336893637e-05
-6.588459598428939392e-05
-4.633995642227886342e-05
-2.814967870333224821e-05
-1.129987065637040611e-05
