-2.208345697769008818e-03
-2.122787863890097590e-03
-2.039245935656753324e-03
-1.957702248217007245e-03
-1.878139002815972739e-03
-1.800538265025313292e-03
-1.724881962965829196e-03
-1.651151885522267500e-03
-1.579329680552809395e-03
-1.509396853097079612e-03
-1.441334763585421083e-03
-1.375124626055637591e-03
-1.310747506376070759e-03
-1.248184320487832726e-03
-1.187415832665200070e-03
-1.128422653804159702e-03
-1.071185239747540936e-03
-1.015683889653653128e-03
-9.618987444181708625e-04
-9.098097851658553227e-04
-8.593968318191234652e-04
-8.106395417646339568e-04
-7.635174086349343905e-04
-7.180097612263228917e-04
-6.740957625795309782e-04
-6.317544092526335142e-04
-5.909645308226237331e-04
-5.517047896598900776e-04
-5.139536810206261127e-04
-4.776895335252675850e-04
-4.428905100928158967e-04
-4.095346094197609924e-04
-3.775996681152360966e-04
-3.470633636261075171e-04
-3.179032181184243862e-04
-2.900966035239361716e-04
-2.636207480152798167e-04
-2.384527442438189710e-04
-2.145695597700101958e-04
-1.919480502449869897e-04
-1.705649760773605950e-04
-1.503970235628865359e-04
-1.314208317974460650e-04
-1.136130271858170043e-04
-9.695026807667572451e-05
-8.140930312868859236e-05
-6.696704865788311316e-05
-5.360069280855163203e-05
-4.128783861350815779e-05
-3.000670514580007145e-05
-1.973641859593825527e-05
-1.045744868164917697e-05
-2.152292823731039019e-06
