-2.464382731996898196e-03
-2.376487347518124564e-03
-2.290590145662424297e-03
-2.206673183934877019e-03
-2.124718379516420293e-03
-2.044707507252491521e-03
-1.966622197621285557e-03
-1.890443934669589453e-03
-1.816154053926049769e-03
-1.743733740291912322e-03
-1.673164025901127585e-03
-1.604425787962783165e-03
-1.537499746577323297e-03
-1.472366462530829735e-03
-1.409006335071385976e-03
-1.347399599661779643e-03
-1.287526325715746683e-03
-1.229366414318349343e-03
-1.172899595929865818e-03
-1.118105428076029148e-03
-1.064963293027537065e-03
-1.013452395470172858e-03
-9.635517601691990629e-04
-9.152402296272684791e-04
-8.684964617436270176e-04
-8.232989274739655524e-04
-7.796259084964716731e-04
-7.374554948865176497e-04
-6.967655828045867233e-04
-6.575338722037019166e-04
-6.197378645571527357e-04
-5.833548606155900896e-04
-5.483619581978471614e-04
-5.147360500199354722e-04
-4.824538215736492650e-04
-4.514917490548975808e-04
-4.218260973564813120e-04
-3.934329181300669654e-04
-3.662880479270286520e-04
-3.403671064286866669e-04
-3.156454947768189937e-04
-2.920983940155798958e-04
-2.697007636593253877e-04
-2.484273403975784090e-04
-2.282526369572885315e-04
-2.091509411344751903e-04
-1.910963150184863141e-04
-1.740625944291869455e-04
-1.580233885910986721e-04
-1.429520800737354666e-04
-1.288218250301673585e-04
-1.156055537731828970e-04
-1.032759717353358908e-04
-9.180556086943519802e-05
-8.116658156165835645e-05
-7.133107514710372110e-05
-6.227086714706748811e-05
-5.395757138732383378e-05
-4.636259521520831914e-05
-3.945714612431094621e-05
-3.321224023263155082e-05
-2.759871328116651474e-05
-2.258723517945693547e-05
-1.814832973538162427e-05
-1.425240228533974813e-05
-1.086977993832009667e-05
-7.970773067771266498e-06
-5.525774945589629540e-06
-3.505435473575291825e-06
-1.880994600556194836e-06
-6.250144719174241666e-07
