-2.469285579257796126e-03
-2.381346055496603737e-03
-2.295404395169795778e-03
-2.211442651403315064e-03
-2.129442736928559461e-03
-2.049386422074965085e-03
-1.971255332732623888e-03
-1.895030948291855869e-03
-1.820694599552402822e-03
-1.748227466615426186e-03
-1.677610576744039197e-03
-1.608824802202182738e-03
-1.541850858073298821e-03
-1.476669300052635197e-03
-1.413260522223420924e-03
-1.351604754808864890e-03
-1.291682061909680233e-03
-1.233472339221540178e-03
-1.176955311740297133e-03
-1.122110531451933190e-03
-1.068917375010377310e-03
-1.017355041409435511e-03
-9.674025496438536705e-04
-9.190387363694961466e-04
-8.722422535607956932e-04
-8.269915661694225532e-04
-7.832649497906259096e-04
-7.410404883366453112e-04
-7.002960717233875287e-04
-6.610093935758854780e-04
-6.231579489547984727e-04
-5.867190321114575677e-04
-5.516697342744122890e-04
-5.179869414772806952e-04
-4.856473324297754597e-04
-4.546273764432474875e-04
-4.249033314155680244e-04
-3.964512418846853257e-04
-3.692469371589915178e-04
-3.432660295355893093e-04
-3.184839126147903177e-04
-2.948757597232612416e-04
-2.724165224576142693e-04
-2.510809293621640913e-04
-2.308434847542580005e-04
-2.116784677132312379e-04
-1.935599312514290466e-04
-1.764617016847868703e-04
-1.603573782251372954e-04
-1.452203328186483415e-04
-1.310237102575938369e-04
-1.177404285966837454e-04
-1.053431799123880720e-04
-9.380443144797252124e-05
-8.309642720040369239e-05
-7.319119001495690523e-05
-6.406052427480869954e-05
-5.567601929795211186e-05
-4.800905359316979930e-05
-4.103080018497178911e-05
-3.471223330510424888e-05
-2.902413688758332888e-05
-2.393711552712311371e-05
-1.942160893311364197e-05
-1.544791155450311060e-05
-1.198620021190428447e-05
-9.006574780349465336e-06
-6.479121432619971543e-06
-4.374017729942921532e-06
-2.661722532163767746e-06
-1.313359579157507269e-06
-3.016282861482517410e-07
