-2.384291670918409992e-03
-2.297120572656171332e-03
-2.211952974433656263e-03
-2.128771009967777260e-03
-2.047556674028218511e-03
-1.968291820457058246e-03
-1.890958160165296699e-03
-1.815537259101593359e-03
-1.742010536197989654e-03
-1.670359261292098368e-03
-1.600564553025401147e-03
-1.532607376723108721e-03
-1.466468542249719804e-03
-1.402128701846370182e-03
-1.339568347950833042e-03
-1.278767811001050051e-03
-1.219707257222444512e-03
-1.162366686405538274e-03
-1.106725929671414747e-03
-1.052764647228282991e-03
-1.000462326126962164e-03
-9.497982780117946453e-04
-9.007516368747068170e-04
-8.533013568158564783e-04
-8.074262098141659098e-04
-7.631047835163265979e-04
-7.203154790427969845e-04
-6.790365088284902421e-04
-6.392458944937038073e-04
-6.009214647625581119e-04
-5.640408534336562377e-04
-5.285814974162372955e-04
-4.945206348410885813e-04
-4.618353032657314958e-04
-4.305023379838329571e-04
-4.004983704632089376e-04
-3.717998269311955793e-04
-3.443829271347675154e-04
-3.182236833066947744e-04
-2.932978993723734306e-04
-2.695811704436328060e-04
-2.470488826502978863e-04
-2.256762133768765643e-04
-2.054381319831651270e-04
-1.863094011090833473e-04
-1.682645786908170272e-04
-1.512780208483178340e-04
-1.353238858544532602e-04
-1.203761394570873448e-04
-1.064085619193340631e-04
-9.339475726667392189e-05
-8.130816541617145738e-05
-7.012207812965578439e-05
-5.980966013609603782e-05
-5.034397738772164888e-05
-4.169803539240477929e-05
-3.384483215850490862e-05
-2.675743298501409584e-05
-2.040907909041803970e-05
-1.477335092690700876e-05
-9.824424558466022969e-06
-5.537497061533573324e-06
-1.889546177282772610e-06
