-2.300210694228419558e-03
-2.213806672593258886e-03
-2.129411950653714927e-03
-2.047008752195364489e-03
-1.966579164089593025e-03
-1.888105134383357689e-03
-1.811568470371645225e-03
-1.736950836650980826e-03
-1.664233753149917637e-03
-1.593398593150451275e-03
-1.524426581283719459e-03
-1.457298791523229439e-03
-1.391996145158867944e-03
-1.328499408764265404e-03
-1.266789192158254956e-03
-1.206845946363268359e-03
-1.148649961563146015e-03
-1.092181365065126794e-03
-1.037420119272154922e-03
-9.843460196686864769e-04
-9.329386928263116389e-04
-8.831775944372762758e-04
-8.350420073822031712e-04
-7.885110398438079267e-04
-7.435636234725709164e-04
-7.001785116221768924e-04
-6.583342776636529232e-04
-6.180093133966110559e-04
-5.791818275785704613e-04
-5.418298445911351674e-04
-5.059312032721920930e-04
-4.714635559427493919e-04
-4.384043676683743013e-04
-4.067309157982114658e-04
-3.764202898328293176e-04
-3.474493916907679821e-04
-3.197949364474960256e-04
-2.934334536469472717e-04
-2.683412893053861367e-04
-2.444946087584599220e-04
-2.218694005400071671e-04
-2.004414815371792318e-04
-1.801865037315356630e-04
-1.610799629343065181e-04
-1.430972100503831630e-04
-1.262134655900214446e-04
-1.104038384015135449e-04
-9.564334996787238218e-05
-8.190696615853368216e-05
-6.916963914455371708e-05
-5.740636345709363071e-05
-4.659225218594061139e-05
-3.670264263327962747e-05
-2.771324642020863045e-05
-1.960036921906969454e-05
-1.234124458393574879e-05
-5.914565549745781543e-06
-3.013846414877917324e-07
