-1.844513475207986992e-03
-1.762395789096094390e-03
-1.682323307128868670e-03
-1.604278969561071834e-03
-1.528245605896664996e-03
-1.454205934655756084e-03
-1.382142563284964728e-03
-1.312037988232818550e-03
-1.243874595209962762e-03
-1.177634659677449704e-03
-1.113300347575968668e-03
-1.050853716357264553e-03
-9.902767163475231869e-04
-9.315511925064419657e-04
-8.746588866396316688e-04
-8.195814401458067361e-04
-7.663003973810561531e-04
-7.147972097544087007e-04
-6.650532406777629607e-04
-6.170497715236602197e-04
-5.707680087837143507e-04
-5.261890926485913132e-04
-4.832941072929512142e-04
-4.420640932096886531e-04
-4.024800620234211031e-04
-3.645230143216307474e-04
-3.281739611855410618e-04
-2.934139502953296411e-04
-2.602240977295904598e-04
-2.285856269335434987e-04
-1.984799167939672079e-04
-1.698885614240394030e-04
-1.427934451954967869e-04
-1.171768379150875524e-04
-9.302151704665970796e-05
-7.031092692304116666e-05
-4.902938962347486228e-05
-2.916238980363262609e-05
-1.069696844287481045e-05
