-2.139336342449793711e-03
-2.054419896541410592e-03
-1.971524514247085559e-03
-1.890632624123389418e-03
-1.811726523710718937e-03
-1.734788377920664076e-03
-1.659800217424798989e-03
-1.586743937055706301e-03
-1.515601294213705366e-03
-1.446353907296378267e-03
-1.378983254148006534e-03
-1.313470670536925422e-03
-1.249797348673749135e-03
-1.187944335769886093e-03
-1.127892532655573859e-03
-1.069622692462736998e-03
-1.013115419387766464e-03
-9.583511675509532278e-04
-9.053102399685586865e-04
-8.539727876590976017e-04
-8.043188089086977756e-04
-7.563281487233706546e-04
-7.099804985032069507e-04
-6.652553959754668386e-04
-6.221322254376051740e-04
-5.805902183646802564e-04
-5.406084544467069757e-04
-5.021658631425429545e-04
-4.652412258435325958e-04
-4.298131787699215815e-04
-3.958602167470882623e-04
-3.633606980422034302e-04
-3.322928504899327483e-04
-3.026347791899569985e-04
-2.743644761333503346e-04
-2.474598322218852673e-04
-2.218986522670288229e-04
-1.976586737437110736e-04
-1.747175903182795163e-04
-1.530530815151138319e-04
-1.326428503768058728e-04
-1.134646716768219869e-04
-9.549645428721825779e-05
-7.871632286870240550e-05
-6.310272648461475505e-05
-4.863458561271195076e-05
-3.529149543799034103e-05
-2.305401432928770198e-05
-1.190408632254922148e-05
-1.825684602938036465e-06
