-1.751409995779242695e-03
-1.670197082359454544e-03
-1.591037788156695297e-03
-1.513915260444243438e-03
-1.438812545631186750e-03
-1.365712589811654640e-03
-1.294598239546818031e-03
-1.225452242911839436e-03
-1.158257250843250461e-03
-1.092995818841301873e-03
-1.029650409073965467e-03
-9.682033929504724537e-04
-9.086370542379421621e-04
-8.509335928084181370e-04
-7.950751291249096714e-04
-7.410437095859409356e-04
-6.888213128850534210e-04
-6.383898575629068112e-04
-5.897312109724285687e-04
-5.428271999234378972e-04
-4.976596233398464415e-04
-4.542102673297430081e-04
-4.124609231797308128e-04
-3.723934089067206009e-04
-3.339895951722485386e-04
-2.972314365908712715e-04
-2.621010097613641785e-04
-2.285805597635806857e-04
-1.966525574225634707e-04
-1.662997704336028346e-04
-1.375053525630201253e-04
-1.102529567732629125e-04
-8.452688053837615115e-05
-6.031225530150223014e-05
-3.759529778406939092e-05
-1.636365016947023934e-05
