-1.931557002159554415e-03
-1.848602773132807311e-03
-1.767686242103696549e-03
-1.688790177129241305e-03
-1.611897227969552246e-03
-1.536989925296675542e-03
-1.464050679989611437e-03
-1.393061782525102568e-03
-1.324005402481028817e-03
-1.256863588173809778e-03
-1.191618266446389665e-03
-1.128251242633934899e-03
-1.066744200737337238e-03
-1.007078703831974916e-03
-9.492361947586274145e-04
-8.931979971340276705e-04
-8.389453167419954911e-04
-7.864592433604943944e-04
-7.357207531099700399e-04
-6.867107114015868260e-04
-6.394098766033640786e-04
-5.937989045442524164e-04
-5.498583540221323217e-04
-5.075686934978730766e-04
-4.669103092182172346e-04
-4.278635150501891365e-04
-3.904085643904214083e-04
-3.545256645995531366e-04
-3.201949945307805282e-04
-2.873967258813118022e-04
-2.561110493046495030e-04
-2.263182065043144728e-04
-1.979985299244619342e-04
-1.711324921924918421e-04
-1.457007682409468415e-04
-1.216843141488143932e-04
-9.906446837871095055e-05
-7.782308355921003758e-05
-5.794270079148889393e-05
-3.940678457775296704e-05
-2.220004659732839340e-05
-6.308904036044682354e-06
