-2.494205700477707295e-03
-2.406042175868721659e-03
-2.319874903337822061e-03
-2.235685914236945539e-03
-2.153457099204584765e-03
-2.073170206153391714e-03
-1.994806838233099261e-03
-1.918348451768211223e-03
-1.843776354169590018e-03
-1.771071701820006120e-03
-1.700215497939557355e-03
-1.631188590423158710e-03
-1.563971669659213869e-03
-1.498545266324647013e-03
-1.434889749159841323e-03
-1.372985322726099277e-03
-1.312812025142175675e-03
-1.254349725807554121e-03
-1.197578123109141511e-03
-1.142476742115556198e-03
-1.089024932260979853e-03
-1.037201865019907448e-03
-9.869865315757543611e-04
-9.383577404867646937e-04
-8.912941153489759710e-04
-8.457740924643463842e-04
-8.017759185135649169e-04
-7.592776482371793633e-04
-7.182571421325329884e-04
-6.786920641668434421e-04
-6.405598795129741323e-04
-6.038378523134114431e-04
-5.685030434764390709e-04
-5.345323085110833226e-04
-5.019022954064199541e-04
-4.705894425636895700e-04
-4.405699767853403048e-04
-4.118199113310657420e-04
-3.843150440486035597e-04
-3.580309555861963932e-04
-3.329430076976142884e-04
-3.090263416496027114e-04
-2.862558767409617479e-04
-2.646063089441010627e-04
-2.440521096828693955e-04
-2.245675247560168582e-04
-2.061265734211551750e-04
-1.887030476521626781e-04
-1.722705115844876383e-04
-1.568023011634151636e-04
-1.422715240103709228e-04
-1.286510595249738429e-04
-1.159135592394600517e-04
-1.040314474426100701e-04
-9.297692209326593148e-05
-8.272195604185738477e-05
-7.323829858035194994e-05
-6.449747734177300421e-05
-5.647080057044751966e-05
-4.912935978591964761e-05
-4.244403286381041656e-05
-3.638548755790082259e-05
-3.092418548977007289e-05
-2.603038663349803414e-05
-2.167415432635114985e-05
-1.782536084053049322e-05
-1.445369355874938437e-05
-1.152866180900561678e-05
-9.019604436852497585e-06
-6.895698236026539931e-06
-5.125967442195000517e-06
-3.679294667557067207e-06
-2.524434039719304873e-06
-1.630028242053257005e-06
-9.646336922592787720e-07
-4.967661677678260888e-07
-1.950116379588608637e-07
-2.844683929954903100e-08
