-1.057630138548858092e-03
-9.835287035384445223e-04
-9.115596195102933707e-04
-8.417086820165077619e-04
-7.739617656613865995e-04
-7.083048441228946166e-04
-6.447240133000052510e-04
-5.832055181801283064e-04
-5.237357841420826454e-04
-4.663014535940875494e-04
-4.108894290718457642e-04
-3.574869242045545874e-04
-3.060815243569535676e-04
-2.566612592621397393e-04
-2.092146906666680559e-04
-1.637310189658175452e-04
-1.202002141440782238e-04
-7.861317823657967125e-05
-3.896194926709049925e-05
-1.239960668868376095e-06
