-2.485941631991982811e-03
-2.397852326463784187e-03
-2.311759805345296997e-03
-2.227646107120196187e-03
-2.145493129658144951e-03
-2.065282628205375622e-03
-1.986996213348294748e-03
-1.910615348948567363e-03
-1.836121350054955529e-03
-1.763495380791724014e-03
-1.692718452220373735e-03
-1.623771420177261456e-03
-1.556634983091859537e-03
-1.491289679781264942e-03
-1.427715887222939404e-03
-1.365893818311882200e-03
-1.305803519594316052e-03
-1.247424868990746130e-03
-1.190737573498632353e-03
-1.135721166885636079e-03
-1.082355007371066987e-03
-1.030618275296386888e-03
-9.804899707914784251e-04
-9.319489114364499019e-04
-8.849737299219840193e-04
-8.395428717108404260e-04
-7.956345927075323928e-04
-7.532269569349581010e-04
-7.122978342241052417e-04
-6.728248979223771121e-04
-6.347856226232462696e-04
-5.981572819234077815e-04
-5.629169462110029986e-04
-5.290414804944034398e-04
-4.965075422734916083e-04
-4.652915794627838011e-04
-4.353698283727906217e-04
-4.067183117578052585e-04
-3.793128369364907361e-04
-3.531289939966131253e-04
-3.281421540912767562e-04
-3.043274678376002183e-04
-2.816598638274833612e-04
-2.601140472626964524e-04
-2.396644987257233992e-04
-2.202854730988808947e-04
-2.019509986461197944e-04
-1.846348762702439280e-04
-1.683106789627224632e-04
-1.529517514604203311e-04
-1.385312101279577641e-04
-1.250219430832313081e-04
-1.123966105863357908e-04
-1.006276457127304339e-04
-8.968725533428310566e-05
-7.954742143245122196e-05
-7.017990277311183394e-05
-6.155623697330525504e-05
-5.364774299738538104e-05
-4.642552412558148111e-05
-3.986047144836831488e-05
-3.392326795417549052e-05
-2.858439330044288231e-05
-2.381412939200310976e-05
-1.958256694697041567e-05
-1.585961332296946690e-05
-1.261500203711845841e-05
-9.818304702043598468e-06
-7.438946645703286959e-06
-5.446228572905750475e-06
-3.809358962408486621e-06
-2.497507359906509831e-06
-1.479903087615556086e-06
-7.260482379320340570e-07
-2.062897148338121901e-07
