-2.497078596412278736e-03
-2.408889285473691123e-03
-2.322696042023947652e-03
-2.238480894956728674e-03
-2.156225732418384083e-03
-2.075912299794201252e-03
-1.997522197673864963e-03
-1.921036879787862235e-03
-1.846437650917138584e-03
-1.773705664783672108e-03
-1.702821921910790525e-03
-1.633767267465250413e-03
-1.566522389073934408e-03
-1.501067814619940757e-03
-1.437383910017965474e-03
-1.375450876973010770e-03
-1.315248750717204528e-03
-1.256757397733870634e-03
-1.199956513464440957e-03
-1.144825620006331354e-03
-1.091344063794374031e-03
-1.039491013279800246e-03
-9.892454565993986232e-04
-9.405861992412076081e-04
-8.934918617130543743e-04
-8.479408772090955533e-04
-8.039114892862580294e-04
-7.613817495474259648e-04
-7.203295153409349861e-04
-6.807324474760994421e-04
-6.425680079621694891e-04
-6.058134577749810842e-04
-5.704458546568824196e-04
-5.364420509550364528e-04
-5.037786915051412073e-04
-4.724322115665851663e-04
-4.423788348168947019e-04
-4.135945714124245770e-04
-3.860552161230722409e-04
-3.597363465511632403e-04
-3.346133214418312040e-04
-3.106612790961111844e-04
-2.878551358957194290e-04
-2.661695849525106566e-04
-2.455790948917535815e-04
-2.260579087830055756e-04
-2.075800432317492501e-04
-1.901192876437382692e-04
-1.736492036780817015e-04
-1.581431249032565136e-04
-1.435741566710972835e-04
-1.299151762265217706e-04
-1.171388330687121065e-04
-1.052175495821188063e-04
-9.412352195578469838e-05
-8.382872140939025783e-05
-7.430489574634009675e-05
-6.552357125343084626e-05
-5.745605496860285076e-05
-5.007343733687777832e-05
-4.334659527690256736e-05
-3.724619567964309810e-05
-3.174269936113832544e-05
-2.680636549156569686e-05
-2.240725652288894689e-05
-1.851524363682957442e-05
-1.510001273510375940e-05
-1.213107099313689398e-05
-9.577753998057786502e-06
-7.409233491075557646e-06
-5.594525733771288332e-06
-4.102500517166001701e-06
-2.901890832506224901e-06
-1.961303223809573456e-06
-1.249228846936625388e-06
-7.340552736925344043e-07
-3.840791204452066775e-07
-1.675197219893067165e-07
-5.253468775087528859e-08
-7.094019255814711655e-09
