-2.087292811972489386e-03
-2.002863406790793017e-03
-1.920459071647398746e-03
-1.840062311541234598e-03
-1.761655503033634704e-03
-1.685220892786751072e-03
-1.610740596119646963e-03
-1.538196595585683557e-03
-1.467570739582204145e-03
-1.398844740991145828e-03
-1.332000175871250573e-03
-1.267018482198333526e-03
-1.203880958673146130e-03
-1.142568763605878671e-03
-1.083062913892442062e-03
-1.025344284098479632e-03
-9.693936056721966753e-04
-9.151914663074607300e-04
-8.627183094816539026e-04
-8.119544342060117884e-04
-7.628799950137217512e-04
-7.154750022417633373e-04
-6.697193226460943470e-04
-6.255926804174179482e-04
-5.830746586703764280e-04
-5.421447014887566685e-04
-5.027821166360163952e-04
-4.649660790609827835e-04
-4.286756353516793061e-04
-3.938897093339254959e-04
-3.605871090547363737e-04
-3.287465354500419303e-04
-2.983465930781898636e-04
-2.693658033975779905e-04
-2.417826212142519244e-04
-2.155754550983319260e-04
-1.907226928340273399e-04
-1.672027333089432747e-04
-1.449940267491352296e-04
-1.240751259109134166e-04
-1.044247518796724295e-04
-8.602187967453167182e-05
-6.884585123216629314e-05
-5.287652709712380118e-05
-3.809449426256210358e-05
-2.448135798632763212e-05
-1.202016383700861488e-05
-6.960308159108122630e-07
