-1.767346083367658848e-03
-1.685977555389832176e-03
-1.606661176743612047e-03
-1.529380057479001048e-03
-1.454117204942819873e-03
-1.380855524180555575e-03
-1.309577818547799123e-03
-1.240266790573855797e-03
-1.172905043097669442e-03
-1.107475080737713516e-03
-1.043959311728713708e-03
-9.823400501970998983e-04
-9.225995189366378770e-04
-8.647198527672980868e-04
-8.086831025761651547e-04
-7.544712401534950114e-04
-7.020661639613855892e-04
-6.514497060024104129e-04
-6.026036399870993978e-04
-5.555096910468291724e-04
-5.101495472868558057e-04
-4.665048735532543816e-04
-4.245573278662393064e-04
-3.842885810983100864e-04
-3.456803406167738377e-04
-3.087143788163282127e-04
-2.733725677274667881e-04
-2.396369212489816080e-04
-2.074896470425903700e-04
-1.769132108104144046e-04
-1.478904166475964376e-04
-1.204045085531332338e-04
-9.443930024106057819e-05
-6.997934348481433739e-05
-4.701015002609755522e-05
-2.551848972728222738e-05
-5.492800303974277722e-06
