-1.888795571781771423e-03
-1.806251199780445262e-03
-1.725748171151785925e-03
-1.647269336110050632e-03
-1.570797430093277044e-03
-1.496315073223426469e-03
-1.423804769884988962e-03
-1.353248908426927253e-03
-1.284629761011607486e-03
-1.217929483637426738e-03
-1.153130116355701373e-03
-1.090213583718396134e-03
-1.029161695489586069e-03
-9.699561476642704679e-04
-9.125785238447828079e-04
-8.570102970323068003e-04
-8.032328319026930778e-04
-7.512273876502351903e-04
-7.009751214959183095e-04
-6.524570929778758912e-04
-6.056542691681088752e-04
-5.605475309808070645e-04
-5.171176807896682263e-04
-4.753454516034997233e-04
-4.352115181205952737e-04
-3.966965100536995643e-04
-3.597810282225780728e-04
-3.244456640341980449e-04
-2.906710231525367954e-04
-2.584377543860225958e-04
-2.277265851339490600e-04
-1.985183651665841579e-04
-1.707941211105852564e-04
-1.445351248662388199e-04
-1.197229804098680800e-04
-9.633973525524807042e-05
-7.436802559223644991e-05
-5.379126838945581541e-05
-3.459392058311468139e-05
-1.676183683298709912e-05
-2.827770071863432155e-07
