-2.399504368003714961e-03
-2.312195222905192964e-03
-2.226888552641205152e-03
-2.143566475758557945e-03
-2.062210971556564017e-03
-1.982803878098518807e-03
-1.905326890197468846e-03
-1.829761557376297088e-03
-1.756089281805319272e-03
-1.684291316212573140e-03
-1.614348761772932319e-03
-1.546242565973640756e-03
-1.479953520458946771e-03
-1.415462258854251545e-03
-1.352749254570956208e-03
-1.291794818593878635e-03
-1.232579097251704876e-03
-1.175082069975727289e-03
-1.119283547045037087e-03
-1.065163167320043501e-03
-1.012700395973513369e-03
-9.618745222132116246e-04
-9.126646570061350315e-04
-8.650497308038473466e-04
-8.190084912763609306e-04
-7.745195010552667104e-04
-7.315611354954204776e-04
-6.901115804558608739e-04
-6.501488301126802241e-04
-6.116506848036456882e-04
-5.745947489186387959e-04
-5.389584288421576117e-04
-5.047189309582718721e-04
-4.718532597290363436e-04
-4.403382158622575642e-04
-4.101503945802905012e-04
-3.812661840094990493e-04
-3.536617637102903349e-04
-3.273131033708826833e-04
-3.021959616921188999e-04
-2.782858854980467100e-04
-2.555582091087038989e-04
-2.339880540248958274e-04
-2.135503289803475347e-04
-1.942197304337795198e-04
-1.759707435867281452e-04
-1.587776440397942071e-04
-1.426145002263781421e-04
-1.274551768064274685e-04
-1.132733392583078864e-04
-1.000424599846965476e-04
-8.773582635990362735e-05
-7.632655130574756861e-05
-6.578758721788446483e-05
-5.609174441879623415e-05
-4.721171585653676704e-05
-3.912011063172131820e-05
-3.178950034377569199e-05
-2.519248463851710447e-05
-1.930178657448165534e-05
-1.409039632957780812e-05
-9.531797484181191073e-06
-5.600343954291660942e-06
-2.271936460742881694e-06
