-1.582903903128668726e-03
-1.503356064194996721e-03
-1.425878185337410998e-03
-1.350453857854669835e-03
-1.277066595957456223e-03
-1.205699839392565184e-03
-1.136336956547263433e-03
-1.068961248109265121e-03
-1.003555951360467127e-03
-9.401042452161615954e-04
-8.785892561199626274e-04
-8.189940649376119004e-04
-7.613017150245957737e-04
-7.054952216633326480e-04
-6.515575831226404343e-04
-5.994717936336054149e-04
-5.492208586496119191e-04
-5.007878128413004951e-04
-4.541557413817493179e-04
-4.093078052221245768e-04
-3.662272712382072439e-04
-3.248975483657221778e-04
-2.853022311639492837e-04
-2.474251526810206689e-04
-2.112504490803945737e-04
-1.767626393098558268e-04
-1.439467242547118071e-04
-1.127883114829707960e-04
-8.327377413794611650e-05
-5.539045622529853685e-05
-2.912694222580831330e-05
-4.473418041309887777e-06
