-1.986197551783798650e-03
-1.902722661675393216e-03
-1.821280925860666554e-03
-1.741855013888724858e-03
-1.664427473000240978e-03
-1.588980727063327332e-03
-1.515497075558998926e-03
-1.443958692634970389e-03
-1.374347626235642057e-03
-1.306645797323272669e-03
-1.240834999205304989e-03
-1.176896896985777947e-03
-1.114813027160760708e-03
-1.054564797382858549e-03
-9.961334864219272174e-04
-9.395002443561694273e-04
-8.846460930283593215e-04
-8.315519268166925463e-04
-7.801985137683607133e-04
-7.305664971645565780e-04
-6.826363975844608250e-04
-6.363886155640437409e-04
-5.918034349541975627e-04
-5.488610271076241852e-04
-5.075414560540259488e-04
-4.678246848548624215e-04
-4.296905833771548391e-04
-3.931189377784826615e-04
-3.580894620735056177e-04
-3.245818122434119624e-04
-2.925756034777553943e-04
-2.620504313070306178e-04
-2.329858976015240389e-04
-2.053616427289575816e-04
-1.791573855772861292e-04
-1.543529737517673316e-04
-1.309284471035424664e-04
-1.088641189937214856e-04
-8.814068155140082628e-05
-6.873934402696145311e-05
-5.064201781275804413e-05
-3.383156898611512252e-05
-1.829217154483015335e-05
-4.009816310947725899e-06
