-2.018964898758676251e-03
-1.935179389768407199e-03
-1.853424369882066599e-03
-1.773682452880822203e-03
-1.695936128077943968e-03
-1.620167759109391280e-03
-1.546359582760929111e-03
-1.474493707849292533e-03
-1.404552114160833448e-03
-1.336516651459505964e-03
-1.270369038580510890e-03
-1.206090862616706954e-03
-1.143663578227958845e-03
-1.083068507073758598e-03
-1.024286837411946330e-03
-9.672996238755471668e-04
-9.120877874653117185e-04
-8.586321157924437907e-04
-8.069132636142279172e-04
-7.569117537134604362e-04
-7.086079781799943479e-04
-6.619822001670327754e-04
-6.170145562060713653e-04
-5.736850591830060372e-04
-5.319736020996397152e-04
-4.918599627698026647e-04
-4.533238096352937003e-04
-4.163447089273241493e-04
-3.809021334546692106e-04
-3.469754733703066208e-04
-3.145440493608113799e-04
-2.835871288200418399e-04
-2.540839457334820870e-04
-2.260137252139504758e-04
-1.993557139249503714e-04
-1.740892180366519044e-04
-1.501936509399402861e-04
-1.276485937636273583e-04
-1.064338729563767296e-04
-8.652966099462483659e-05
-6.791660905753553034e-05
-5.057602488190686299e-05
-3.449011615915562132e-05
-1.964233196955779935e-05
-6.017856319604220852e-06
