-1.529132779794978476e-03
-1.450124081560771275e-03
-1.373190884904458781e-03
-1.298316944269791579e-03
-1.225485946528138536e-03
-1.154681514495119101e-03
-1.085887211035963017e-03
-1.019086543861117376e-03
-9.542629711162397155e-04
-8.913999078892056224e-04
-8.304807337939150392e-04
-7.714888018062662084e-04
-7.144074485713032769e-04
-6.592200064445044019e-04
-6.059098175869913425e-04
-5.544602505062285001e-04
-5.048547195204429027e-04
-4.570767077491011323e-04
-4.111097943708144587e-04
-3.669376870938963328e-04
-3.245442610372782340e-04
-2.839136055651116227e-04
-2.450300810800844090e-04
-2.078783884141400889e-04
-1.724436543401275889e-04
-1.387115379742491267e-04
-1.066683646344706508e-04
-7.630129636663597148e-05
-4.759855233333710816e-05
-2.054969842257227446e-05
