-2.133725827507938853e-03
-2.048861747408432799e-03
-1.966019157929426320e-03
-1.885180495614584718e-03
-1.806328066249456715e-03
-1.729444043268324807e-03
-1.654510466155825407e-03
-1.581509238867187354e-03
-1.510422128255208734e-03
-1.441230762517570945e-03
-1.373916629672461507e-03
-1.308461076060578104e-03
-1.244845304890876934e-03
-1.183050374831717258e-03
-1.123057198662019565e-03
-1.064846541994127465e-03
-1.008399022078510128e-03
-9.536951067124053603e-04
-9.007151132652498927e-04
-8.494392078474355618e-04
-7.998474046433570305e-04
-7.519195654433326543e-04
-7.056353994057897212e-04
-6.609744630939699004e-04
-6.179161608355486935e-04
-5.764397454647897118e-04
-5.365243195175348548e-04
-4.981488369657184265e-04
-4.612921055948411130e-04
-4.259327901499771461e-04
-3.920494164069167060e-04
-3.596203763615901704e-04
-3.286239347750725070e-04
-2.990382373760491069e-04
-2.708413211043251678e-04
-2.440111268802974795e-04
-2.185255155328034169e-04
-1.943622877101067496e-04
-1.714992088663858355e-04
-1.499140407866219249e-04
-1.295845816486063660e-04
-1.104887173836514283e-04
-9.260448823946119945e-05
-7.591017616901955443e-05
-6.038442135295585917e-05
-4.600638046740635227e-05
-3.275594647381964116e-05
-2.061406213816610253e-05
-9.563182178685307802e-06
