-2.486913795801154892e-03
-2.398815756010575645e-03
-2.312714437903331654e-03
-2.228591879119821463e-03
-2.146429976673685548e-03
-2.066210484944108923e-03
-1.987915013636602519e-03
-1.911525025720357124e-03
-1.837021835340513004e-03
-1.764386605703737333e-03
-1.693600346941912449e-03
-1.624643913950756923e-03
-1.557498004206192945e-03
-1.492143155559326950e-03
-1.428559744010466336e-03
-1.366727981464703652e-03
-1.306627913467822092e-03
-1.248239416927335700e-03
-1.191542197817267203e-03
-1.136515788870578287e-03
-1.083139547259961413e-03
-1.031392652271563484e-03
-9.812541029682675733e-04
-9.327027158536962959e-04
-8.857171225324532091e-04
-8.402757673730298395e-04
-7.963569051761321994e-04
-7.539385988524159024e-04
-7.129987171138429773e-04
-6.735149321810879114e-04
-6.354647175148533857e-04
-5.988253455722824733e-04
-5.635738855978898818e-04
-5.296872014506794199e-04
-4.971419494776883018e-04
-4.659145764370010490e-04
-4.359813174803887654e-04
-4.073181942007285698e-04
-3.799010127544622884e-04
-3.537053620657832818e-04
-3.287066121239596000e-04
-3.048799123820569289e-04
-2.822001902677942790e-04
-2.606421498189874595e-04
-2.401802704535380584e-04
-2.207888058883967065e-04
-2.024417832192944690e-04
-1.851130021775189221e-04
-1.687760345757138316e-04
-1.534042239618678470e-04
-1.389706854966788223e-04
-1.254483060723145563e-04
-1.128097446930323883e-04
-1.010274331367054643e-04
-9.007357692080063196e-05
-7.992015659641356449e-05
-7.053892939678534286e-05
-6.190143127031624154e-05
-5.397897933162542868e-05
-4.674267476985490103e-05
-4.016340626207454731e-05
-3.421185395074748478e-05
-2.885849406262996696e-05
-2.407360427414600163e-05
-1.982726997327216367e-05
-1.608939164234857822e-05
-1.282969371436594367e-05
-1.001773548417976686e-05
-7.622925085361395652e-06
-5.614538393395079065e-06
-3.961746514846136439e-06
-2.633659665191029212e-06
-1.599405879402582828e-06
-8.282947724738524255e-07
-2.902356026713242916e-07
