-2.166742253941757092e-03
-2.081570493564202564e-03
-1.998417727696859096e-03
-1.917266346748200834e-03
-1.838098608893907332e-03
-1.760896638397415302e-03
-1.685642423925362045e-03
-1.612317816867518986e-03
-1.540904529657925867e-03
-1.471384134107393870e-03
-1.403738059747523630e-03
-1.337947592194169708e-03
-1.273993871537018076e-03
-1.211857890757174179e-03
-1.151520494189180090e-03
-1.092962376030285959e-03
-1.036164078908936685e-03
-9.811059925273989384e-04
-9.277683523914709686e-04
-8.761312386418580560e-04
-8.261745750116167124e-04
-7.778781279281928550e-04
-7.312215057886822019e-04
-6.861841584392650191e-04
-6.427453768982025481e-04
-6.008842933635224820e-04
-5.605798815599901145e-04
-5.218109574880722742e-04
-4.845561806534366277e-04
-4.487940558648563331e-04
-4.145029357172642752e-04
-3.816610238962666289e-04
-3.502463794755670385e-04
-3.202369224190728205e-04
-2.916104405549645065e-04
-2.643445983604527814e-04
-2.384169479870661547e-04
-2.138049430856233768e-04
-1.904859561588097380e-04
-1.684373004039205841e-04
-1.476362573364884973e-04
-1.280601119507586037e-04
-1.096861978428744411e-04
-9.249195571909706211e-05
-7.645501020775870955e-05
-6.155327222385439153e-05
-4.776507785768629565e-05
-3.506938093042072390e-05
-2.344602701352666149e-05
-1.287615603359004710e-05
-3.342817789919044769e-06
