-1.111960271627057163e-03
-1.037275680243753082e-03
-9.647160229768732363e-04
-8.942667910180810125e-04
-8.259135299251310711e-04
-7.596418565687144226e-04
-6.954374786905111964e-04
-6.332862175526031510e-04
-5.731740342549925850e-04
-5.150870604482395230e-04
-4.590116343282471013e-04
-4.049343430329807331e-04
-3.528420728605524107e-04
-3.027220691011121541e-04
-2.545620078148157499e-04
-2.083500825830246700e-04
-1.640751102346991259e-04
-1.217266609097792762e-04
-8.129521974288750113e-05
-4.277239026213874341e-05
-6.151153727083780916e-06
