-2.193068777141063581e-03
-2.107652501182461641e-03
-2.024253257897586696e-03
-1.942853402363094043e-03
-1.863435156341505805e-03
-1.785980606542711836e-03
-1.710471702879812379e-03
-1.636890256717924916e-03
-1.565217939123844486e-03
-1.495436279115996536e-03
-1.427526661920678784e-03
-1.361470327237405183e-03
-1.297248367520941392e-03
-1.234841726282497444e-03
-1.174231196419459446e-03
-1.115397418578744108e-03
-1.058320879564905465e-03
-1.002981910802511981e-03
-9.493606868627747775e-04
-8.974372240696437599e-04
-8.471913792018014294e-04
-7.986028483045247515e-04
-7.516511656416507764e-04
-7.063157027990961574e-04
-6.625756679849117330e-04
-6.204101055491976959e-04
-5.797978957696938319e-04
-5.407177549519938441e-04
-5.031482359044731761e-04
-4.670677288569903248e-04
-4.324544629108643479e-04
-3.992865081265271269e-04
-3.675417783743903702e-04
-3.371980351134237037e-04
-3.082328922928180017e-04
-2.806238226256479659e-04
-2.543481655557992111e-04
-2.293831373166027999e-04
-2.057058436089963358e-04
-1.832932955799443722e-04
-1.621224300093385791e-04
-1.421701349168820038e-04
-1.234132822458457602e-04
-1.058287699147979080e-04
-8.939357647278122962e-05
-7.408483301833947913e-05
-5.987991926841904322e-05
-4.675659421787217734e-05
-3.469317775398382222e-05
-2.366880983687221521e-05
-1.366383252335460428e-05
-4.660376204887150082e-06
