-1.859442796096221276e-03
-1.777180997886794846e-03
-1.696963092269774404e-03
-1.618771988564601024e-03
-1.542590483935296283e-03
-1.468401263051748390e-03
-1.396186897882816707e-03
-1.325929847639215325e-03
-1.257612458889736289e-03
-1.191216965882748498e-03
-1.126725491095657925e-03
-1.064120046059189879e-03
-1.003382532488778043e-03
-9.444947437811553048e-04
-8.874383669301028890e-04
-8.321949849317033295e-04
-7.787460797626690997e-04
-7.270730360273893605e-04
-6.771571453926351685e-04
-6.289796119490091491e-04
-5.825215586724244183e-04
-5.377640351878086502e-04
-4.946880270944094705e-04
-4.532744671594216446e-04
-4.135042487741538686e-04
-3.753582421504136598e-04
-3.388173138778700303e-04
-3.038623506135305170e-04
-2.704742879119081131e-04
-2.386341454967625525e-04
-2.083230706888528603e-04
-1.795223922765440861e-04
-1.522136879217578351e-04
-1.263788693528221678e-04
-1.020002912960985019e-04
-7.906089265380329733e-05
-5.754438236790880969e-05
-3.743548866163282210e-05
-1.872030062254504291e-05
-1.386748673112666874e-06
