-2.128072243990796267e-03
-2.043260965550574258e-03
-1.960471609203187984e-03
-1.879686619599742377e-03
-1.800888310902225894e-03
-1.724058865200802596e-03
-1.649180330937538748e-03
-1.576234621340195366e-03
-1.505203512871290021e-03
-1.436068643697527335e-03
-1.368811512187560536e-03
-1.303413475443172907e-03
-1.239855747870859635e-03
-1.178119399808414715e-03
-1.118185356210040253e-03
-1.060034395409312560e-03
-1.003647147969905298e-03
-9.490040956432383747e-04
-8.960855704505071677e-04
-8.448717539138432151e-04
-7.953426764634331098e-04
-7.474782170483220117e-04
-7.012581029935149347e-04
-6.566619101424778834e-04
-6.136690633379269805e-04
-5.722588373057950874e-04
-5.324103580122188087e-04
-4.941026045900551644e-04
-4.573144119359739447e-04
-4.220244741191580607e-04
-3.882113487616478307e-04
-3.558534625948841070e-04
-3.249291184453276075e-04
-2.954165039695042633e-04
-2.672937025417733902e-04
-2.405387068167919376e-04
-2.151294356354783673e-04
-1.910437551595719531e-04
-1.682595054001596326e-04
-1.467545337167190113e-04
-1.265067374321597951e-04
-1.074941185521783530e-04
-8.969485481864902386e-05
-7.308739322047771774e-05
-5.765057504960133955e-05
-4.336380637627449460e-05
-3.020729583892964150e-05
-1.816239568768798481e-05
-7.212107918403988212e-06
