-2.416310611882367763e-03
-2.328849219318838721e-03
-2.243389177368140287e-03
-2.159912588203457239e-03
-2.078401414440273452e-03
-1.998837477139572480e-03
-1.921202453785924528e-03
-1.845477876239499677e-03
-1.771645128665143938e-03
-1.699685445432003172e-03
-1.629579908995529812e-03
-1.561309447750328658e-03
-1.494854833865274027e-03
-1.430196681094584492e-03
-1.367315442570792320e-03
-1.306191408578043526e-03
-1.246804704309128174e-03
-1.189135287605888993e-03
-1.133162946687431413e-03
-1.078867297866581507e-03
-1.026227783256079568e-03
-9.752236684704359030e-04
-9.258340403232051151e-04
-8.780378045237179595e-04
-8.318136833774035337e-04
-7.871402134938744639e-04
-7.439957435068167771e-04
-7.023584318085441484e-04
-6.622062443101099389e-04
-6.235169522259019275e-04
-5.862681298959397398e-04
-5.504371526482774567e-04
-5.160011947139251948e-04
-4.829372272002914728e-04
-4.512220161367714276e-04
-4.208321206015309848e-04
-3.917438909458426620e-04
-3.639334671290599750e-04
-3.373767771832913726e-04
-3.120495358271454102e-04
-2.879272432540994769e-04
-2.649851841212739166e-04
-2.431984267724712832e-04
-2.225418227342491461e-04
-2.029900065332499132e-04
-1.845173958913030659e-04
-1.670981923694920450e-04
-1.507063825504849049e-04
-1.353157398709959594e-04
-1.208998272479389015e-04
-1.074320006868863904e-04
-9.488541412024853385e-05
-8.323302580928860605e-05
-7.244760676793825455e-05
-6.250175184658046678e-05
-5.336789438734128684e-05
-4.501832577967893100e-05
-3.742522190692101539e-05
-3.056067955107921827e-05
-2.439676764342697530e-05
-1.890560145631357253e-05
-1.405945377668114817e-05
-9.830928817641880723e-06
-6.193249545151375690e-06
-3.120767614041574375e-06
-5.899622247357004629e-07
