-2.457228197609191266e-03
-2.369397264628012728e-03
-2.283564981336876857e-03
-2.199713411690809757e-03
-2.117824479421695841e-03
-2.037879966032239698e-03
-1.959861508760526571e-03
-1.883750598522057011e-03
-1.809528577821235872e-03
-1.737176638642934107e-03
-1.666675820315543632e-03
-1.598007007353309614e-03
-1.531150927273335158e-03
-1.466088148392587654e-03
-1.402799077602800851e-03
-1.341263958126500322e-03
-1.281462867253772408e-03
-1.223375714063469231e-03
-1.166982237127180957e-03
-1.112262002202667665e-03
-1.059194399914507607e-03
-1.007758643423577963e-03
-9.579337660951632236e-04
-9.096986191574973164e-04
-8.630318693636753391e-04
-8.179119966526495660e-04
-7.743172918188124480e-04
-7.322258541893052024e-04
-6.916155893160023807e-04
-6.524642066861438463e-04
-6.147492174558932907e-04
-5.784479322130658008e-04
-5.435374587753072102e-04
-5.099947000277702848e-04
-4.777963518113469317e-04
-4.469189008639281929e-04
-4.173386228282373973e-04
-3.890315803312829977e-04
-3.619736211474285483e-04
-3.361403764542545054e-04
-3.115072591952150255e-04
-2.880494625599128102e-04
-2.657419585983886580e-04
-2.445594969833221589e-04
-2.244766039400984898e-04
-2.054675813640870555e-04
-1.875065061476770918e-04
-1.705672297444125627e-04
-1.546233780000936284e-04
-1.396483512875836322e-04
-1.256153249873740438e-04
-1.124972503677431837e-04
-1.002668559272281199e-04
-8.889664928274864340e-05
-7.835891970564620582e-05
-6.862574144505860323e-05
-5.966897802045848225e-05
-5.146028773717562378e-05
-4.397113077944347069e-05
-3.717277839344710629e-05
-3.103632492027543757e-05
-2.553270383971309712e-05
-2.063270965814728455e-05
-1.630702864512393991e-05
-1.252628356138980436e-05
-9.261101643970141850e-06
-6.482223623634150902e-06
-4.160690689749115337e-06
-2.268194526768858573e-06
-7.778178102999128826e-07
