-1.945471954439250556e-03
-1.862384809258911533e-03
-1.781334192952685816e-03
-1.702302847817777510e-03
-1.625273396782294082e-03
-1.550228342540193541e-03
-1.477150066762482035e-03
-1.406020829394334041e-03
-1.336822768059929122e-03
-1.269537897581759622e-03
-1.204148109645065750e-03
-1.140635172623856702e-03
-1.078980731591871935e-03
-1.019166308557629920e-03
-9.611733029529967356e-04
-9.049829924172533326e-04
-8.505765339305874830e-04
-7.979349653491853893e-04
-7.470392074162618065e-04
-6.978700663260919285e-04
-6.504082369434577987e-04
-6.046343067948308034e-04
-5.605287609724540201e-04
-5.180719881279031167e-04
-4.772442877647299457e-04
-4.380258790921600504e-04
-4.003969117648561267e-04
-3.643374789124256721e-04
-3.298276329698023707e-04
-2.968474049573969196e-04
-2.653768280461154009e-04
-2.353959664866348423e-04
-2.068849513277936747e-04
-1.798240248154882922e-04
-1.541935960229233503e-04
-1.299743112181567543e-04
-1.071471438538802062e-04
-8.569351114389758795e-05
-6.559542736592316567e-05
-4.683570905743735918e-05
-2.939825546892404270e-05
-1.326844157136035070e-05
