-2.081295358999755638e-03
-1.996922267294386211e-03
-1.914574713955975987e-03
-1.834235213140135348e-03
-1.755886150887016762e-03
-1.679509783676797971e-03
-1.605088237009067928e-03
-1.532603504003203325e-03
-1.462037444032137246e-03
-1.393371781394183752e-03
-1.326588104033539234e-03
-1.261667862316309240e-03
-1.198592367876457655e-03
-1.137342792541825741e-03
-1.077900167358958631e-03
-1.020245381729221936e-03
-9.643591826808279579e-04
-9.102221742984827925e-04
-8.578148173375385079e-04
-8.071174290569720165e-04
-7.581101833084667035e-04
-7.107731109239176677e-04
-6.650861004605186557e-04
-6.210288993612509767e-04
-5.785811156108022855e-04
-5.377222199770240359e-04
-4.984315489490130082e-04
-4.606883085078699713e-04
-4.244715788953579150e-04
-3.897603205847930958e-04
-3.565333817075304074e-04
-3.247695072551299157e-04
-2.944473504564729593e-04
-2.655454868430209814e-04
-2.380424316632203004e-04
-2.119166615009160370e-04
-1.871466412324963413e-04
-1.637108578291501782e-04
-1.415878630502578450e-04
-1.207563278418072029e-04
-1.011951123814396536e-04
-8.288335741159883765e-05
-6.580060511384171109e-05
-4.992696192844565945e-05
-3.524332254074456165e-05
-2.173168590665380031e-05
-9.375615081127467061e-06
