-1.735306904006880032e-03
-1.654251554826085061e-03
-1.575251322884357440e-03
-1.498289393853776720e-03
-1.423348854463320256e-03
-1.350412693210370019e-03
-1.279463801317298321e-03
-1.210484973976578811e-03
-1.143458911919736963e-03
-1.078368223370433383e-03
-1.015195426428585571e-03
-9.539229519646486629e-04
-8.945331470987785607e-04
-8.370082793622986815e-04
-7.813305416583089195e-04
-7.274820581534992671e-04
-6.754448912706420127e-04
-6.252010499738906192e-04
-5.767324995924433088e-04
-5.300211734734831771e-04
-4.850489868283830290e-04
-4.417978532173334402e-04
-4.002497042379870814e-04
-3.603865131172407830e-04
-3.221903231063823919e-04
-2.856432818299876539e-04
-2.507276830804137523e-04
-2.174260180184658172e-04
-1.857210383884772041e-04
-1.555958352654235755e-04
-1.270339381600846945e-04
-1.000194412178132675e-04
-7.453716610869742961e-05
-5.057287560057287159e-05
-2.811355875495383846e-05
-7.147820063522721847e-06
