-1.617929358253024624e-03
-1.538032404081783166e-03
-1.460201888498410643e-03
-1.384421302432138406e-03
-1.310674054067998730e-03
-1.238943470958232210e-03
-1.169212802547451441e-03
-1.101465223179781336e-03
-1.035683835655490034e-03
-9.718516754289501045e-04
-9.099517155432548451e-04
-8.499668724280748378e-04
-7.918800127012192141e-04
-7.356739611451364094e-04
-6.813315100670315526e-04
-6.288354302939007769e-04
-5.781684841043262853e-04
-5.293134404736884535e-04
-4.822530930921124477e-04
-4.369702817316873083e-04
-3.934479176761246540e-04
-3.516690141287987545e-04
-3.116167227529953302e-04
-2.732743778445836371e-04
-2.366255500861051578e-04
-2.016541124602690745e-04
-1.683443217733432808e-04
-1.366809204789550198e-04
-1.066492652879489722e-04
-7.823549170536311102e-05
-5.142672765960747399e-05
-2.621137565361571415e-05
-2.579492952042304518e-06
