-1.133418529727703294e-03
-1.058504967852536872e-03
-9.857134804880022909e-04
-9.150294445400202837e-04
-8.464382822419144400e-04
-7.799254770020487516e-04
-7.154765916836908039e-04
-6.530772897516656491e-04
-5.927133598287528688e-04
-5.343707443150588548e-04
-4.780355728900788814e-04
-4.236942019176894499e-04
-3.713332610344313245e-04
-3.209397085593825656e-04
-2.725008978190150526e-04
-2.260046571109345672e-04
-1.814393868898225425e-04
-1.387941789463432302e-04
-9.805896402989977415e-05
-5.922469679918234645e-05
-2.228359053163222374e-05
