-2.433917738530926370e-03
-2.346297134314830318e-03
-2.260676712244912880e-03
-2.177038557766823243e-03
-2.095364616466269692e-03
-2.015636692066680342e-03
-1.937836444401479664e-03
-1.861945387359737868e-03
-1.787944886806352388e-03
-1.715816158477266248e-03
-1.645540265850245053e-03
-1.577098117992972032e-03
-1.510470467387474078e-03
-1.445637907734354747e-03
-1.382580871732986801e-03
-1.321279628848462742e-03
-1.261714283053054454e-03
-1.203864770559294342e-03
-1.147710857531063656e-03
-1.093232137788106417e-03
-1.040408030496885010e-03
-9.892177778538838694e-04
-9.396404427639198703e-04
-8.916549065176496537e-04
-8.452398664650932671e-04
-8.003738337001731901e-04
-7.570351307482933549e-04
-7.152018892683120353e-04
-6.748520477730716137e-04
-6.359633493711164785e-04
-5.985133395370031755e-04
-5.624793639166882943e-04
-5.278385661749948913e-04
-4.945678858916870580e-04
-4.626440565164700630e-04
-4.320436033916036736e-04
-4.027428418517922030e-04
-3.747178754161388818e-04
-3.479445940815608426e-04
-3.223986727359796607e-04
-2.980555697071455320e-04
-2.748905254665626966e-04
-2.528785615111846631e-04
-2.319944794484538812e-04
-2.122128603176063060e-04
-1.935080641802284650e-04
-1.758542300270187820e-04
-1.592252760505305053e-04
-1.435949003524144576e-04
-1.289365821639136610e-04
-1.152235836835625334e-04
-1.024289526651409499e-04
-9.052552592933535175e-05
-7.948593403036185914e-05
-6.928260739292110707e-05
-5.988778435474280816e-05
-5.127352173127260716e-05
-4.341170879636904538e-05
-3.627408600591394396e-05
-2.983227049293666166e-05
-2.405779153607051388e-05
-1.892214124398623970e-05
-1.439684942356428677e-05
-1.045359879142560072e-05
-7.064411589775503636e-06
-4.201972427892547199e-06
-1.840238324448523720e-06
