-2.440803640225515901e-03
-2.353120851162639280e-03
-2.267437789849112081e-03
-2.183736535304116062e-03
-2.101999026576679020e-03
-2.022207060740501428e-03
-1.944342290863521798e-03
-1.868386223952189784e-03
-1.794320218868883810e-03
-1.722125484225789805e-03
-1.651783076252513836e-03
-1.583273896642678133e-03
-1.516578690375189721e-03
-1.451678043514824422e-03
-1.388552380993084666e-03
-1.327181964367012438e-03
-1.267546889563080136e-03
-1.209627084602177705e-03
-1.153402307309943755e-03
-1.098852143016086809e-03
-1.045956002241085368e-03
-9.946931183750389906e-04
-9.450425453505149594e-04
-8.969831553134038080e-04
-8.504936362913538246e-04
-8.055524898693848176e-04
-7.621380288703189908e-04
-7.202283750471051918e-04
-6.798014567912533199e-04
-6.408350068634943372e-04
-6.033065601496163206e-04
-5.671934514492538637e-04
-5.324728133040678444e-04
-4.991215738723056268e-04
-4.671164548572623201e-04
-4.364339695002402483e-04
-4.070504206452611913e-04
-3.789418988881897285e-04
-3.520842808224109648e-04
-3.264532273928232530e-04
-3.020241823752093020e-04
-2.787723709979960979e-04
-2.566727987239175160e-04
-2.357002502166038484e-04
-2.158292885172168822e-04
-1.970342544602657765e-04
-1.792892663663524613e-04
-1.625682200540620823e-04
-1.468447892231220550e-04
-1.320924262731533265e-04
-1.182843636385171331e-04
-1.053936157410122535e-04
-9.339298169246390828e-05
-8.225504891985241276e-05
-7.195219794615819473e-05
-6.245660864386051714e-05
-5.374026840513232509e-05
-4.577498286264855402e-05
-3.853239008887168944e-05
-3.198397967020609841e-05
-2.610111881957932441e-05
-2.085508899890702546e-05
-1.621713884406871640e-05
-1.215856352403445748e-05
-8.650829291494970363e-06
-5.665780509815828626e-06
-3.176010420914815340e-06
-1.155596527467577221e-06
