-1.319431754551394706e-03
-1.242564093915423436e-03
-1.167795247613468042e-03
-1.095109726053475514e-03
-1.024492020857793902e-03
-9.559266133527324905e-04
-8.893979843415162788e-04
-8.248906253787526878e-04
-7.623890518022318104e-04
-7.018778178251879442e-04
-6.433415340677043053e-04
-5.867648879854228585e-04
-5.321326677493489182e-04
-4.794297902839133089e-04
-4.286413343194228447e-04
-3.797525795600903138e-04
-3.327490533531509125e-04
-2.876165866383789118e-04
-2.443413814941941694e-04
-2.029100933125946239e-04
-1.633099316447925533e-04
-1.255287851741656972e-04
-8.955537830598631500e-05
-5.537946985031917332e-05
-2.299210875077527765e-05
