-2.390508395355928940e-03
-2.303280856652148954e-03
-2.218056398159730380e-03
-2.134817147354460889e-03
-2.053545092641760519e-03
-1.974222081371187435e-03
-1.896829817826351612e-03
-1.821349861193543012e-03
-1.747763623500932575e-03
-1.676052367536553633e-03
-1.606197204744590386e-03
-1.538179093095369933e-03
-1.471978834938823680e-03
-1.407577074836199220e-03
-1.344954297371456220e-03
-1.284090824949366081e-03
-1.224966815576480125e-03
-1.167562260627781319e-03
-1.111856982604639407e-03
-1.057830632882799608e-03
-1.005462689454950532e-03
-9.547324546703467481e-04
-9.056190529759568231e-04
-8.581014286614967092e-04
-8.121583436141682592e-04
-7.677683750865087805e-04
-7.249099134852225040e-04
-6.835611601833942825e-04
-6.437001253679526525e-04
-6.053046259247678307e-04
-5.683522833743682914e-04
-5.328205218678483445e-04
-4.986865662504483612e-04
-4.659274402122806765e-04
-4.345199645351432885e-04
-4.044407554568806430e-04
-3.756662231707962735e-04
-3.481725704856740542e-04
-3.219357916717591542e-04
-2.969316715273270790e-04
-2.731357847038935315e-04
-2.505234953373009074e-04
-2.290699570410664981e-04
-2.087501133340289076e-04
-1.895386985870504038e-04
-1.714102395994233506e-04
-1.543390579429686205e-04
-1.382992732520557601e-04
-1.232648076914622871e-04
-1.092093919091744695e-04
-9.610657288449384918e-05
-8.392972423423871765e-05
-7.265205975499177532e-05
-6.224665130673728885e-05
-5.268645263570706299e-05
-4.394433150768490789e-05
-3.599311376668704233e-05
-2.880564500951837407e-05
-2.235487916805631824e-05
-1.661400985431832689e-05
-1.155667299411996687e-05
-7.157275573680559923e-06
-3.391565185746499538e-06
-2.377092505168694123e-07
