-2.278875140815771454e-03
-2.192666882091800443e-03
-2.108469431615122951e-03
-2.026265037782177311e-03
-1.946035812695083144e-03
-1.867763730279549221e-03
-1.791430624385437556e-03
-1.717018186868876552e-03
-1.644507965658282850e-03
-1.573881362807240478e-03
-1.505119632534206078e-03
-1.438203879251622342e-03
-1.373115055589248321e-03
-1.309833960410552132e-03
-1.248341236828908732e-03
-1.188617370225177224e-03
-1.130642686271803770e-03
-1.074397348969036116e-03
-1.019861358697613440e-03
-9.670145502935630858e-04
-9.158365911559752503e-04
-8.663069793913163747e-04
-8.184050420090938169e-04
-7.721099331749812882e-04
-7.274006325384137998e-04
-6.842559436490730940e-04
-6.426544924763011573e-04
-6.025747260578912532e-04
-5.639949112974086904e-04
-5.268931339409723118e-04
-4.912472977677170534e-04
-4.570351240319308348e-04
-4.242341512074988916e-04
-3.928217350925686420e-04
-3.627750493436361873e-04
-3.340710865260021500e-04
-3.066866597889539108e-04
-2.805984052932134994e-04
-2.557827855588662999e-04
-2.322160939400757303e-04
-2.098744604913431943e-04
-1.887338595665688393e-04
-1.687701195949390125e-04
-1.499589356184402567e-04
-1.322758853740067515e-04
-1.156964499789708985e-04
-1.001960406839599589e-04
-8.575003374175998007e-05
-7.233381633105699204e-05
-5.992284783733887560e-05
-4.849274296319389262e-05
-3.801938669662493982e-05
-2.847909723576581522e-05
-1.984886381095946856e-05
-1.210670682067445446e-05
-5.232249114293622839e-06
