-1.959217155460000852e-03
-1.875998932919787678e-03
-1.794816092501413723e-03
-1.715651351513459728e-03
-1.638487306870118395e-03
-1.563306434157727765e-03
-1.490091086764572335e-03
-1.418823495093387340e-03
-1.349485765867527477e-03
-1.282059881546183597e-03
-1.216527699869764589e-03
-1.152870953550205009e-03
-1.091071250137957754e-03
-1.031110072087285589e-03
-9.729687770584707907e-04
-9.166285984908316073e-04
-8.620706464940407470e-04
-8.092759091109397738e-04
-7.582252540150513555e-04
-7.088994307163406627e-04
-6.612790733691675891e-04
-6.153447042824551454e-04
-5.710767382698211502e-04
-5.284554879933357849e-04
-4.874611704907518472e-04
-4.480739151283447976e-04
-4.102737732651418664e-04
-3.740407299979527284e-04
-3.393547184388908886e-04
-3.061956371118422244e-04
-2.745433712027067871e-04
-2.443778186293029038e-04
-2.156789221801839855e-04
-1.884267093892473240e-04
-1.626013423725000987e-04
-1.381831806720222936e-04
-1.151528613238913179e-04
-9.349140211174161252e-05
-7.318033661913588657e-05
-5.420189383003635813e-05
-3.653924170096499837e-05
-2.017682529075788414e-05
-5.100849544041841395e-06
