-2.232940828425904797e-03
-2.147155599667721279e-03
-2.063384479412405312e-03
-1.981609771592028613e-03
-1.901813645338285876e-03
-1.823978133172418810e-03
-1.748085129178203641e-03
-1.674116387163230961e-03
-1.602053518814856078e-03
-1.531877991844235063e-03
-1.463571128129692069e-03
-1.397114101860547205e-03
-1.332487937678160416e-03
-1.269673508829880816e-03
-1.208651535332738898e-03
-1.149402582152352472e-03
-1.091907057409263792e-03
-1.036145210613160410e-03
-9.820971309376599380e-04
-9.297427455442360510e-04
-8.790618179641404226e-04
-8.300339465563700550e-04
-7.826385630505965953e-04
-7.368549311961086149e-04
-6.926621455382579078e-04
-6.500391303406775293e-04
-6.089646386883692608e-04
-5.694172518004620050e-04
-5.313753785931103670e-04
-4.948172555405882991e-04
-4.597209468899649248e-04
-4.260643452988110069e-04
-3.938251729791752997e-04
-3.629809834468993805e-04
-3.335091640045644403e-04
-3.053869391114681620e-04
-2.785913748334588845e-04
-2.530993846181573748e-04
-2.288877367069402631e-04
-2.059330635826080863e-04
-1.842118739733906356e-04
-1.637005680982106938e-04
-1.443754570647818550e-04
-1.262127876554087818e-04
-1.091887741964982364e-04
-9.327963988445373174e-05
-7.846167095341230219e-05
-6.471128862537530639e-05
-5.200514624005142121e-05
-4.032026297120247862e-05
-2.963421233732031496e-05
-1.992539578640502957e-05
-1.117345425539659990e-05
-3.359915946120605465e-06
