-2.287540056702017446e-03
-2.201252238470421257e-03
-2.116974613984695316e-03
-2.034689421557725909e-03
-1.954378762950031816e-03
-1.876024601477317179e-03
-1.799608760098778907e-03
-1.725112919486290492e-03
-1.652518616076185031e-03
-1.581807240107788431e-03
-1.512960033647034637e-03
-1.445958088597320895e-03
-1.380782344703838493e-03
-1.317413587547985009e-03
-1.255832446541347213e-03
-1.196019392917087093e-03
-1.137954737727255418e-03
-1.081618629846295030e-03
-1.026991053989390534e-03
-9.740518287504518116e-04
-9.227806046655986222e-04
-8.731568623098937779e-04
-8.251599104398420117e-04
-7.787688841848191060e-04
-7.339627433080755763e-04
-6.907202705438903780e-04
-6.490200700295429724e-04
-6.088405658533816529e-04
-5.701600007368436401e-04
-5.329564348776521295e-04
-4.972077449873098503e-04
-4.628916235547846265e-04
-4.299855783835571099e-04
-3.984669324527701515e-04
-3.683128241646913340e-04
-3.395002080579289164e-04
-3.120058560778063189e-04
-2.858063595216834684e-04
-2.608781318062101300e-04
-2.371974122357217946e-04
-2.147402710059882064e-04
-1.934826157401704143e-04
-1.734001999409459204e-04
-1.544686338662267584e-04
-1.366633984996707915e-04
-1.199598635213550016e-04
-1.043333105219757326e-04
-8.975896318868934647e-05
-7.621202692208108205e-05
-6.366774145522250837e-05
-5.210145179050304758e-05
-4.148870559889987838e-05
-3.180538997534128332e-05
-2.302792877892119851e-05
-1.513357717943295639e-05
-8.100880320879144382e-06
-1.910427509016394433e-06
