-2.418957850395101784e-03
-2.331472501319851315e-03
-2.245988326571054898e-03
-2.162487425779086730e-03
-2.080951758969733136e-03
-2.001363144566642004e-03
-1.923703257367560988e-03
-1.847953626496994309e-03
-1.774095633330165928e-03
-1.702110509397837231e-03
-1.631979334259567056e-03
-1.563683033361130004e-03
-1.497202375864932489e-03
-1.432517972460656827e-03
-1.369610273156189779e-03
-1.308459565049391706e-03
-1.249045970082402271e-03
-1.191349442781833084e-03
-1.135349767982591924e-03
-1.081026558541989041e-03
-1.028359253045305803e-03
-9.773271135020235919e-04
-9.279092230409279399e-04
-8.800844836031320936e-04
-8.338316136381791624e-04
-7.891291458065633965e-04
-7.459554246953304128e-04
-7.042886045463713678e-04
-6.641066470089546873e-04
-6.253873189176061172e-04
-5.881081901044541522e-04
-5.522466312518232176e-04
-5.177798117955977617e-04
-4.846846978844241696e-04
-4.529380504097495143e-04
-4.225164231139803806e-04
-3.933961607932986103e-04
-3.655533976066910763e-04
-3.389640555113123191e-04
-3.136038428410368984e-04
-2.894482530522902064e-04
-2.664725636627017654e-04
-2.446518354143233033e-04
-2.239609116980921467e-04
-2.043744182827103941e-04
-1.858667634039017514e-04
-1.684121382780372407e-04
-1.519845181238791689e-04
-1.365576637950888694e-04
-1.221051241567740924e-04
-1.086002393775767447e-04
-9.601614536497592623e-05
-8.432577964686306389e-05
-7.350188911502846846e-05
-6.351704020812328432e-05
-5.434363235310346509e-05
-4.595391585658252032e-05
-3.832001602059403688e-05
-3.141396620195015916e-05
-2.520775412063578112e-05
-1.967338849453791711e-05
-1.478299816342653188e-05
-1.050898576254727001e-05
-6.824278727765087222e-06
-3.702768057735781524e-06
-1.120149476265732010e-06
