-2.350578059181533241e-03
-2.263713696262193830e-03
-2.178855131438714454e-03
-2.095984533251955568e-03
-2.015083932034553681e-03
-1.936135217952688519e-03
-1.859120139026967152e-03
-1.784020299127685172e-03
-1.710817155948632373e-03
-1.639492018958961343e-03
-1.570026047334198600e-03
-1.502400247870047927e-03
-1.436595472874671641e-03
-1.372592418047788180e-03
-1.310371620343621368e-03
-1.249913455820895851e-03
-1.191198137484606682e-03
-1.134205713118531782e-03
-1.078916063113404119e-03
-1.025308898294548070e-03
-9.733637577511440424e-04
-9.230600066734142781e-04
-8.743768342009146767e-04
-8.272932512892719383e-04
-7.817880885983448640e-04
-7.378399944146545779e-04
-6.954274326090071918e-04
-6.545286806460896530e-04
-6.151218276506754739e-04
-5.771847725469400571e-04
-5.406952222822144442e-04
-5.056306901540873850e-04
-4.719684942591398195e-04
-4.396857560848800779e-04
-4.087593992732382994e-04
-3.791661485861198160e-04
-3.508825291107950058e-04
-3.238848657497199381e-04
-2.981492830501904310e-04
-2.736517054399186378e-04
-2.503678579492133382e-04
-2.282732675227534358e-04
-2.073432650467811774e-04
-1.875529882524494204e-04
-1.688773857006353057e-04
-1.512912221148019051e-04
-1.347690854095227398e-04
-1.192853958786154053e-04
-1.048144181673124663e-04
-9.133027688441485890e-05
-7.880697704975473219e-05
-6.721843107586566958e-05
-5.653849475687779385e-05
-4.674101595024944089e-05
-3.779990160841366240e-05
-2.968921212659926184e-05
-2.238329778636826946e-05
-1.585700280556818364e-05
-1.008598359599092984e-05
-5.047232629338421241e-06
-7.200045759253109290e-07
