-1.952365785725887742e-03
-1.869212872479129612e-03
-1.788095911956783489e-03
-1.708997633866800271e-03
-1.631900648029711853e-03
-1.556787443478941518e-03
-1.483640387630060257e-03
-1.412441725535716966e-03
-1.343173579239785934e-03
-1.275817947245243018e-03
-1.210356704115775773e-03
-1.146771600234651033e-03
-1.085044261742089660e-03
-1.025156190684612355e-03
-9.670887654071517840e-04
-9.108232412319394299e-04
-8.563407514674158854e-04
-8.036223088054543365e-04
-7.526488071725387363e-04
-7.034010241114894806e-04
-6.558596237915840978e-04
-6.100051607540735166e-04
-5.658180845354795780e-04
-5.232787453273333392e-04
-4.823674008802512881e-04
-4.430642248977786891e-04
-4.053493172263401920e-04
-3.692027162280302329e-04
-3.346044138180935719e-04
-3.015343737801787411e-04
-2.699725541471757881e-04
-2.398989346636888381e-04
-2.112935506697669042e-04
-1.841365351750366111e-04
-1.584081715116312508e-04
-1.340889598278670694e-04
-1.111597019638981389e-04
-8.960161114755934263e-05
-6.939645585566426276e-05
-5.052675173767556403e-05
-3.297602289639718469e-05
-1.672916627873822365e-05
-1.772974903362306615e-06
