-2.470831634375817657e-03
-2.382878196515548792e-03
-2.296922521585459138e-03
-2.212946661337416177e-03
-2.130932527107020670e-03
-2.050861887806711571e-03
-1.972716367887931282e-03
-1.896477445279015845e-03
-1.822126449299996381e-03
-1.749644558546298474e-03
-1.679012798754086003e-03
-1.610212040639588020e-03
-1.543222997714104386e-03
-1.478026224079763331e-03
-1.414602112203334127e-03
-1.352930890668931855e-03
-1.292992621915483925e-03
-1.234767199954423357e-03
-1.178234348074536217e-03
-1.123373616531200435e-03
-1.070164380225807187e-03
-1.018585836375946385e-03
-9.686170021777191184e-04
-9.202367124654615765e-04
-8.734236173685135324e-04
-8.281561799714392581e-04
-7.844126739784229412e-04
-7.421711813875991881e-04
-7.014095901773983316e-04
-6.621055920119564564e-04
-6.242366799668822974e-04
-5.877801462841042825e-04
-5.527130801577389858e-04
-5.190123655612712602e-04
-4.866546791178432796e-04
-4.556164880238829660e-04
-4.258740480330810074e-04
-3.974034015075436871e-04
-3.701803755460803002e-04
-3.441805801989598142e-04
-3.193794067784004663e-04
-2.957520262770522946e-04
-2.732733879061620907e-04
-2.519182177647277549e-04
-2.316610176563056202e-04
-2.124760640668837052e-04
-1.943374073210709079e-04
-1.772188709353235718e-04
-1.610940511886163064e-04
-1.459363169337330216e-04
-1.317188096748903817e-04
-1.184144439415409263e-04
-1.059959079933907794e-04
-9.443566489771621668e-05
-8.370595402823285025e-05
-7.377879304740405655e-05
-6.462598044970579677e-05
-5.621909876634662804e-05
-4.852951856625658145e-05
-4.152840343738271661e-05
-3.518671620851589990e-05
-2.947522679040883513e-05
-2.436452220481293300e-05
-1.982501968462515327e-05
-1.582698426911889700e-05
-1.234055328591296928e-05
-9.335771933688585464e-06
-6.782647823206036974e-06
-4.651240186263609694e-06
-2.911818089351842332e-06
-1.535172280470306746e-06
-4.933290164408677467e-07
