-2.218313790212618399e-03
-2.132663720976871007e-03
-2.049028826467162983e-03
-1.967391429052830782e-03
-1.887733716828111571e-03
-1.810037741825068838e-03
-1.734285418216579330e-03
-1.660458520506200714e-03
-1.588538681717329305e-03
-1.518507391572894872e-03
-1.450345994678336244e-03
-1.384035688705341927e-03
-1.319557522582648443e-03
-1.256892394699953182e-03
-1.196021051126358375e-03
-1.136924083854938712e-03
-1.079581929076371422e-03
-1.023974865489796129e-03
-9.700830126641731520e-04
-9.178863294574460523e-04
-8.673646125074252304e-04
-8.184974948086836712e-04
-7.712644443928198725e-04
-7.256447631334581256e-04
-6.816175856954038818e-04
-6.391618786601446041e-04
-5.982564398578182722e-04
-5.588798979429044668e-04
-5.210107122630697326e-04
-4.846271730725221953e-04
-4.497074021590750665e-04
-4.162293539635351339e-04
-3.841708172894145066e-04
-3.535094177238278651e-04
-3.242226209183715017e-04
-2.962877369136842124e-04
-2.696819257415197595e-04
-2.443822045994951345e-04
-2.203654569749897041e-04
-1.976084442064427566e-04
-1.760878201235774310e-04
-1.557801496102204824e-04
-1.366619322308943384e-04
-1.187096324706515263e-04
-1.018997187450548005e-04
-8.620871422292898027e-05
-7.161326385964322111e-05
-5.809022414707125278e-05
-4.561678547358042951e-05
-3.417064263745695461e-05
-2.373023886989720493e-05
-1.427512666256153231e-05
-5.786523533035486572e-06
