-1.309435911023611870e-03
-1.232671900410630024e-03
-1.158007888415576309e-03
-1.085428426852046808e-03
-1.014918051625173174e-03
-9.464612915310658932e-04
-8.800426783892017352e-04
-8.156467587293144599e-04
-7.532581072986996871e-04
-6.928613427111247978e-04
-6.344411456276819166e-04
-5.779822799472545021e-04
-5.234696175917969698e-04
-4.708881676180004614e-04
-4.202231105627912949e-04
-3.714598391686609741e-04
-3.245840069539577492e-04
-2.795815864988223732e-04
-2.364389398950608170e-04
-1.951429045632498073e-04
-1.556808987294151618e-04
-1.180410523623577938e-04
-8.221237155897285749e-05
-4.818494759620854326e-05
-1.595022671168121883e-05
