-2.496857597849814255e-03
-2.408670270260257224e-03
-2.322479024350460573e-03
-2.238265889202839531e-03
-2.156012753154883197e-03
-2.075701361786846250e-03
-1.997313315883884714e-03
-1.920830069375571367e-03
-1.846232927245480653e-03
-1.773503043419061807e-03
-1.702621418626873266e-03
-1.633568898244810302e-03
-1.566326170111300310e-03
-1.500873762323758813e-03
-1.437192041014480337e-03
-1.375261208106064951e-03
-1.315061299052947084e-03
-1.256572180561229234e-03
-1.199773548298952146e-03
-1.144644924590159860e-03
-1.091165656099752279e-03
-1.039314911510802551e-03
-9.890716791927421994e-04
-9.404147648690360396e-04
-8.933227892836498275e-04
-8.477741858681888190e-04
-8.037471984185452127e-04
-7.612198787773389198e-04
-7.201700845337273603e-04
-6.805754767373472939e-04
-6.424135176392956753e-04
-6.056614684566252304e-04
-5.702963871730748263e-04
-5.362951263764396959e-04
-5.036343311421760541e-04
-4.722904369683274001e-04
-4.422396677696385000e-04
-4.134580339375143227e-04
-3.859213304748621096e-04
-3.596051352139742778e-04
-3.344848071268416174e-04
-3.105354847375400048e-04
-2.877320846464530030e-04
-2.660493001791993414e-04
-2.454616001694811026e-04
-2.259432278892559837e-04
-2.074682001392526504e-04
-1.900103065132625305e-04
-1.735431088502413087e-04
-1.580399408892214702e-04
-1.434739081431475962e-04
-1.298178880071132436e-04
-1.170445301188601721e-04
-1.051262569892247236e-04
-9.403526491990814404e-05
-8.374352522906096895e-05
-7.422278580302000661e-05
-6.544457299537952979e-05
-5.738019389317868300e-05
-5.000073897223191935e-05
-4.327708516276131617e-05
-3.717989934687304654e-05
-3.167964231068365073e-05
-2.674657317269153416e-05
-2.235075431093212759e-05
-1.846205681093679435e-05
-1.505016645637760877e-05
-1.208459028411755314e-05
-9.534663724847822035e-06
-7.369558350364803994e-06
-5.558290248529515861e-06
-4.069729047700535414e-06
-2.872607615308178137e-06
-1.935532463205034128e-06
-1.226994913053078617e-06
-7.153831351723432338e-07
-3.689953642009832895e-07
-1.560553388046677328e-07
-4.473505674474891581e-08
-2.921766866715789649e-09
