-2.477900000090359905e-03
-2.389882977432989004e-03
-2.303863259119123905e-03
-2.219822890656242102e-03
-2.137743777041328092e-03
-2.057607680752678980e-03
-1.979396219711714987e-03
-1.903090865220145606e-03
-1.828672939873045647e-03
-1.756123615444701771e-03
-1.685423910751272054e-03
-1.616554689490555877e-03
-1.549496658057087587e-03
-1.484230363337379075e-03
-1.420736190483083651e-03
-1.358994360665061922e-03
-1.298984928810085039e-03
-1.240687781318436248e-03
-1.184082633769555212e-03
-1.129149028611326497e-03
-1.075866332839887354e-03
-1.024213735670738250e-03
-9.741702462019877305e-04
-9.257146910719455529e-04
-8.788257121203811801e-04
-8.334817640468281498e-04
-7.896611120763066642e-04
-7.473418296343394170e-04
-7.065017960334849011e-04
-6.671186941797145435e-04
-6.291700082964071490e-04
-5.926330216811426287e-04
-5.574848144900923595e-04
-5.237022615633084690e-04
-4.912620302936964931e-04
-4.601405785481057944e-04
-4.303141526468762051e-04
-4.017587854098059294e-04
-3.744502942773922979e-04
-3.483642795159620125e-04
-3.234761225168554977e-04
-2.997609841993969376e-04
-2.771938035288560968e-04
-2.557492961618032458e-04
-2.354019532318855066e-04
-2.161260402879032461e-04
-1.978955964022659133e-04
-1.806844334624474338e-04
-1.644661356653389825e-04
-1.492140592321861299e-04
-1.349013323653309375e-04
-1.215008554698322193e-04
-1.089853016654583883e-04
-9.732711761850984652e-05
-8.649852472722873353e-05
-7.647152070012908499e-05
-6.721788157497923962e-05
-5.870916423675106720e-05
-5.091670950976910463e-05
-4.381164592056042376e-05
-3.736489426354043958e-05
-3.154717315330564636e-05
-2.632900582940249704e-05
-2.168072861194989020e-05
-1.757250162759460270e-05
-1.397432280745929643e-05
-1.085604684934390207e-05
-8.187412146904544333e-06
-5.938081332301279024e-06
-4.077706828913120719e-06
-2.576046584517119952e-06
-1.403192728416598176e-06
-5.300995871854645336e-07
