-1.798716323140811969e-03
-1.717042376721115027e-03
-1.637417722192644181e-03
-1.559825398529924700e-03
-1.484248338568087272e-03
-1.410669369126581977e-03
-1.339071211317442982e-03
-1.269436481063052980e-03
-1.201747689855009894e-03
-1.135987245789451703e-03
-1.072137454925059128e-03
-1.010180523009780295e-03
-9.500985576385753131e-04
-8.918735709090345153e-04
-8.354874826568487248e-04
-7.809221243704513038e-04
-7.281592438975463977e-04
-6.771805110841603356e-04
-6.279675245141003387e-04
-5.805018195500431495e-04
-5.347648779257230776e-04
-4.907381391908551341e-04
-4.484030143843745469e-04
-4.077409024053721843e-04
-3.687332096650221009e-04
-3.313613737634697330e-04
-2.956068921403341167e-04
-2.614513569261098713e-04
-2.288764975936958298e-04
-1.978642335303924132e-04
-1.683967393714380352e-04
-1.404565269623400951e-04
-1.140265493139721394e-04
-8.909033411200023534e-05
-6.563215770778476320e-05
-4.363727573776262882e-05
-2.309223495867637754e-05
-3.985304985491808891e-06
