-1.565144314020406116e-03
-1.485774114083169162e-03
-1.408475686092925273e-03
-1.333232673990743375e-03
-1.260028647657587125e-03
-1.188847105818756356e-03
-1.119671479463239545e-03
-1.052485135858366580e-03
-9.872713832503473251e-04
-9.240134763634426200e-04
-8.626946228211585833e-04
-8.032979906460954462e-04
-7.458067170248187591e-04
-6.902039185550118026e-04
-6.364727032449182592e-04
-5.845961845943708742e-04
-5.345574981516801284e-04
-4.863398210495077536e-04
-4.399263951238578836e-04
-3.953005543960189062e-04
-3.524457578876167099e-04
-3.113456290126008301e-04
-2.719840031565114191e-04
-2.343449855340833696e-04
-1.984130220985042188e-04
-1.641729872122480924e-04
-1.316102931286077535e-04
-1.007110282767448425e-04
-7.146213420739400569e-05
-4.385163542893552054e-05
-1.786894315767016727e-05
