-1.196849568092790521e-03
-1.121263542291542781e-03
-1.047791359164630069e-03
-9.764180761213251195e-04
-9.071287713289741001e-04
-8.399085566465672691e-04
-7.747425925180970088e-04
-7.116161051765974507e-04
-6.505144065692455412e-04
-5.914229175183861138e-04
-5.343271947408974754e-04
-4.792129625052008856e-04
-4.260661498897499273e-04
-3.748729348673917770e-04
-3.256197967648039016e-04
-2.782935790852760828e-04
-2.328815652848638081e-04
-1.893715708929377683e-04
-1.477520565098591743e-04
-1.080122677940193766e-04
-7.014241085027611631e-05
-3.413387480094494012e-05
