-2.069171784434024539e-03
-1.984912647084513711e-03
-1.902679999062409410e-03
-1.822456373259316760e-03
-1.744224175114619801e-03
-1.667965681216017609e-03
-1.593663037918114332e-03
-1.521298259995396010e-03
-1.450853229329222057e-03
-1.382309693637508293e-03
-1.315649265261130234e-03
-1.250853420013055923e-03
-1.187903496103307225e-03
-1.126780693154786359e-03
-1.067466071327036062e-03
-1.009940550564199452e-03
-9.541849099911483634e-04
-9.001797874847803759e-04
-8.479056794464861959e-04
-7.973429408149267615e-04
-7.484717853589996318e-04
-7.012722863017877960e-04
-6.557243773310421700e-04
-6.118078540693962794e-04
-5.695023760875165403e-04
-5.287874695580880137e-04
-4.896425306807369697e-04
-4.520468300183404643e-04
-4.159795179369221068e-04
-3.814196313717088498e-04
-3.483461022056487584e-04
-3.167377676145836452e-04
-2.865733828316772026e-04
-2.578316369090913633e-04
-2.304911722210329120e-04
-2.045306086865932840e-04
-1.799285740011165378e-04
-1.566637416098613583e-04
-1.347148787824879929e-04
-1.140609080563889817e-04
-9.468098666080456674e-05
-7.655461057090360937e-05
-5.966175301366067295e-05
-4.398305234493951523e-05
-2.950007270379563290e-05
-1.619567560514546364e-05
-4.054567607452630714e-06
