-1.207283287229854668e-03
-1.131587265116577000e-03
-1.058003762377981126e-03
-9.865177863761971384e-04
-9.171143614800126046e-04
-8.497785415588733019e-04
-7.844954243766419713e-04
-7.212501682073246909e-04
-6.600280110767603892e-04
-6.008142931186676548e-04
-5.435944826428071221e-04
-4.883542066584788295e-04
-4.350792867773954501e-04
-3.837557816586705710e-04
-3.343700374717845851e-04
-2.869087482683610620e-04
-2.413590287145238322e-04
-1.977085023982675445e-04
-1.559454099804224395e-04
-1.160587429522179413e-04
-7.803841088908415081e-05
-4.187545321912539115e-05
-7.562311198137627359e-06
