-2.496990196855810879e-03
-2.408801679252916845e-03
-2.322609234814582493e-03
-2.238394892510658582e-03
-2.156140540563173617e-03
-2.075827924436387389e-03
-1.997438644798182547e-03
-1.920954155457735117e-03
-1.846355761277688502e-03
-1.773624616061284355e-03
-1.702741720414470503e-03
-1.633687919588306531e-03
-1.566443901293462435e-03
-1.500990193499194538e-03
-1.437307162207153823e-03
-1.375375009209389623e-03
-1.315173769826781525e-03
-1.256683310631900603e-03
-1.199883327157183835e-03
-1.144753341589823574e-03
-1.091272700457296017e-03
-1.039420572303483134e-03
-9.891759453579331181e-04
-9.405176252030409030e-04
-8.934242324410996555e-04
-8.478742003611127722e-04
-8.038457726154858837e-04
-7.613170009030177481e-04
-7.202657426685074105e-04
-6.806696588172652393e-04
-6.425062114549452870e-04
-6.057526616542912353e-04
-5.703860672541895055e-04
-5.363832806975326857e-04
-5.037209469160133010e-04
-4.723755012647748355e-04
-4.423231675158671716e-04
-4.135399559195408292e-04
-3.860016613389515038e-04
-3.596838614683120689e-04
-3.345619151434027732e-04
-3.106109607541797271e-04
-2.878059147701667606e-04
-2.661214703883008157e-04
-2.455320963170200266e-04
-2.260120357067779652e-04
-2.075353052409956308e-04
-1.900756944004195967e-04
-1.736067649159940204e-04
-1.581018504240792844e-04
-1.435340563406652180e-04
-1.298762599704425405e-04
-1.171011108677605584e-04
-1.051810314671135503e-04
-9.408821800217803417e-05
-8.379464173154341114e-05
-7.427205049104713063e-05
-6.549197059360882132e-05
-5.742570909581625794e-05
-5.004435645411185030e-05
-4.331878959046492529e-05
-3.721967539086870375e-05
-3.171747465756896120e-05
-2.678244653787058570e-05
-2.238465345140159862e-05
-1.849396653790983148e-05
-1.508007164741006221e-05
-1.211247589405809681e-05
-9.560514794625200389e-06
-7.393360011995790684e-06
-5.580027723496364507e-06
-4.089387633834096745e-06
-2.890172652960726563e-06
-1.950989262261153226e-06
-1.240328601328649098e-06
-7.265783330027349898e-07
-3.780354245364133521e-07
-1.629202758904347540e-07
-4.939409017609469644e-08
-5.394403657824012552e-09
