-1.626582667751833543e-03
-1.546599710050172802e-03
-1.468682331358600948e-03
-1.392813998496657442e-03
-1.318978094205068390e-03
-1.247157919135907398e-03
-1.177336694245369273e-03
-1.109497563648685105e-03
-1.043623598005513848e-03
-9.796977985232170269e-04
-9.177031016710896980e-04
-8.576223847239603133e-04
-7.994384722738055379e-04
-7.431341438687609838e-04
-6.886921429881863671e-04
-6.360951875799832718e-04
-5.853259824655121946e-04
-5.363672339564548456e-04
-4.892016671358455707e-04
-4.438120463378086161e-04
-4.001811995180122421e-04
-3.582920473751319930e-04
-3.181276383212593736e-04
-2.796711907204308756e-04
-2.429061442357326596e-04
-2.078162227128276624e-04
-1.743855118439444985e-04
-1.425985560079201715e-04
-1.124404803455747047e-04
-8.389714657951522197e-05
-5.695535478628106194e-05
-3.160310905405303516e-05
-7.829974115484326463e-06
