-2.063045703050843133e-03
-1.978844208082823544e-03
-1.896669685143338464e-03
-1.816504676706952228e-03
-1.738331598140443503e-03
-1.662132736323171031e-03
-1.587890248291113585e-03
-1.515586159914411764e-03
-1.445202364611230129e-03
-1.376720622110727630e-03
-1.310122557273211887e-03
-1.245389658975478960e-03
-1.182503279078918725e-03
-1.121444631494011033e-03
-1.062194791353123467e-03
-1.004734694319486419e-03
-9.490451360482483282e-04
-8.951067718308769938e-04
-8.429001164534212845e-04
-7.924055443032682966e-04
-7.436032897702254084e-04
-6.964734479938610541e-04
-6.509959760173352275e-04
-6.071506944194428324e-04
-5.649172895176993777e-04
-5.242753162437782796e-04
-4.852042018239411704e-04
-4.476832504191047128e-04
-4.116916489217635998e-04
-3.772084741481084957e-04
-3.442127017245480880e-04
-3.126832170470192069e-04
-2.825988287913670858e-04
-2.539382855872910055e-04
-2.266802966510357044e-04
-2.008035574167068356e-04
-1.762867815473594081e-04
-1.531087411811992587e-04
-1.312483179496514579e-04
-1.106845682915003916e-04
-9.139680805407164317e-05
-7.336472360948019435e-05
-5.656852021189383013e-05
-4.098912397992513206e-05
-2.660846337756175468e-05
-1.340987270753300938e-05
-1.378690872015100009e-06
