-1.836985673299440253e-03
-1.754940753228629181e-03
-1.674941702503764465e-03
-1.596971477207929403e-03
-1.521012923398271663e-03
-1.447048776929531818e-03
-1.375061663427130628e-03
-1.305034098427279837e-03
-1.236948487719674843e-03
-1.170787127914583179e-03
-1.106532207273818250e-03
-1.044165806845926770e-03
-9.836699019529148661e-04
-9.250263640864429772e-04
-8.682169632778783579e-04
-8.132233710217138568e-04
-7.600271638475357243e-04
-7.086098276492128548e-04
-6.589527629058540255e-04
-6.110372909572985489e-04
-5.648446615294491682e-04
-5.203560617468053987e-04
-4.775526269278018384e-04
-4.364154535236261533e-04
-3.969256146558390965e-04
-3.590641788176512006e-04
-3.228122324628279706e-04
-2.881509074011892190e-04
-2.550614141964931874e-04
-2.235250831241838315e-04
-1.935234147570707259e-04
-1.650381429569402049e-04
-1.380513140564149988e-04
-1.125453874926387796e-04
-8.850336532819922720e-05
-6.590896142318340874e-05
-4.474682621660242606e-05
-2.500285148869687871e-05
-6.664593584055618852e-06
