-2.308439807570781752e-03
-2.221960402206260305e-03
-2.137489718747428991e-03
-2.055009971683501024e-03
-1.974503238360117083e-03
-1.895951457063825910e-03
-1.819336425081090943e-03
-1.744639796742547891e-03
-1.671843081443802771e-03
-1.600927641649324204e-03
-1.531874690882503460e-03
-1.464665291696913563e-03
-1.399280353639015349e-03
-1.335700631196323936e-03
-1.273906721741505533e-03
-1.213879063468780535e-03
-1.155597933328361823e-03
-1.099043444966216069e-03
-1.044195546665116752e-03
-9.910340193015347750e-04
-9.395384743160033192e-04
-8.896883517088571575e-04
-8.414629180647870219e-04
-7.948412646178308096e-04
-7.498023053624657160e-04
-7.063247752275095010e-04
-6.643872283197227273e-04
-6.239680362567306092e-04
-5.850453866031047473e-04
-5.475972814323196505e-04
-5.116015360390372508e-04
-4.770357778249442130e-04
-4.438774453989191549e-04
-4.121037879249050441e-04
-3.816918647698236498e-04
-3.526185455058298700e-04
-3.248605103398109956e-04
-2.983942510552208861e-04
-2.731960725717951627e-04
-2.492420952581052740e-04
-2.265082581603183930e-04
-2.049703233605296615e-04
-1.846038817364718484e-04
-1.653843604721165126e-04
-1.472870327828370608e-04
-1.302870304685851282e-04
-1.143593601254572673e-04
-9.947892415263818945e-05
-8.562054814292884355e-05
-7.275901691794419042e-05
-6.086912249708360584e-05
-4.992572890875138496e-05
-3.990386138057373539e-05
-3.077883187293037207e-05
-2.252642071244917964e-05
-1.512314852551341022e-05
-8.546701206975819418e-06
-2.776631725020708698e-06
