-1.349178728683038311e-03
-1.272003493826694446e-03
-1.196923590314239241e-03
-1.123923408460830026e-03
-1.052987311569941959e-03
-9.840996435358376811e-04
-9.172447376117384005e-04
-8.524069265196713117e-04
-7.895705541385171543e-04
-7.287199890381716337e-04
-6.698396401904953236e-04
-6.129139752601922434e-04
-5.579275419627410153e-04
-5.048649931045055828e-04
-4.537111160486838801e-04
-4.044508675610841621e-04
-3.570694152257688136e-04
-3.115521869574897876e-04
-2.678849305779723447e-04
-2.260537860270027486e-04
-1.860453735962389315e-04
-1.478469027395714437e-04
-1.114463076420946230e-04
-7.683241812176264877e-05
-4.399517795634555668e-05
-1.292592809820370661e-05
