-2.491819127639243077e-03
-2.403677030124678256e-03
-2.317531338214595497e-03
-2.233364085310455584e-03
-2.151157164129560099e-03
-2.070892324692602190e-03
-1.992551172286165760e-03
-1.916115165400070295e-03
-1.841565613639185341e-03
-1.768883675609568031e-03
-1.698050356781935586e-03
-1.629046507330834774e-03
-1.561852819952458437e-03
-1.496449827657616010e-03
-1.432817901549349572e-03
-1.370937248577798993e-03
-1.310787909276365680e-03
-1.252349755485326465e-03
-1.195602488056750215e-03
-1.140525634548514300e-03
-1.087098546907497038e-03
-1.035300399143464006e-03
-9.851101849951283528e-04
-9.365067155963799307e-04
-8.894686171383502180e-04
-8.439743285345048789e-04
-8.000020990925956355e-04
-7.575299861944502717e-04
-7.165358529910800280e-04
-6.769973661132055445e-04
-6.388919934048113659e-04
-6.021970016860367890e-04
-5.668894545457469616e-04
-5.329462101741754432e-04
-5.003439192396215863e-04
-4.690590228179167417e-04
-4.390677503774167946e-04
-4.103461178330742080e-04
-3.828699256727008545e-04
-3.566147571662557983e-04
-3.315559766678010832e-04
-3.076687280183883406e-04
-2.849279330617301249e-04
-2.633082902818223089e-04
-2.427842735765929237e-04
-2.233301311782099144e-04
-2.049198847328976148e-04
-1.875273285554636198e-04
-1.711260290712739943e-04
-1.556893244624349534e-04
-1.411903245328357398e-04
-1.276019108099147670e-04
-1.148967368999193728e-04
-1.030472291156844913e-04
-9.202558739605250747e-05
-8.180378653714340178e-05
-7.235357775740244325e-05
-6.364649061813159084e-05
-5.565383532417454010e-05
-4.834670543030383956e-05
-4.169598098093943098e-05
-3.567233211459852453e-05
-3.024622316820531863e-05
-2.538791732325521432e-05
-2.106748184601085546e-05
-1.725479399043015378e-05
-1.391954766013684492e-05
-1.103126097389971706e-05
-8.559284966225162784e-06
-6.472813819517778892e-06
-4.740897354734265054e-06
-3.332457213004994502e-06
-2.216309796580440576e-06
-1.361203252660565133e-06
-7.358883082423476245e-07
-3.092886765778723996e-07
-5.107843956185704464e-08
