-2.496680799787809584e-03
-2.408495058903410008e-03
-2.322305411052401087e-03
-2.238093885468125065e-03
-2.155842370641565444e-03
-2.075532612307824393e-03
-1.997146211410382247e-03
-1.920664622036635186e-03
-1.846069149332764565e-03
-1.773340947386500398e-03
-1.702461017095301468e-03
-1.633410204001556603e-03
-1.566169196114092482e-03
-1.500718521701058499e-03
-1.437038547068257089e-03
-1.375109474314301170e-03
-1.314911339069519628e-03
-1.256424008219618471e-03
-1.199627177613384272e-03
-1.144500369757130197e-03
-1.091022931499297704e-03
-1.039174031708252040e-03
-9.889326589403953961e-04
-9.402776191071232029e-04
-8.931875331417787021e-04
-8.476408346661949743e-04
-8.036157676669628035e-04
-7.610903841796114828e-04
-7.200425419850853400e-04
-6.804499023267527756e-04
-6.422899276484453530e-04
-6.055398793612287896e-04
-5.701768156416184112e-04
-5.361775892702039074e-04
-5.035188455148365298e-04
-4.721770200648229068e-04
-4.421283370250671621e-04
-4.133488069754176551e-04
-3.858142251056557981e-04
-3.595001694325638012e-04
-3.343819991100317095e-04
-3.104348528411993028e-04
-2.876336474022713613e-04
-2.659530762907034432e-04
-2.453676085074985372e-04
-2.258514874873261712e-04
-2.073787301884201235e-04
-1.899231263560945777e-04
-1.734582379743497310e-04
-1.579573989202954164e-04
-1.433937148372036591e-04
-1.297400632421366671e-04
-1.169690938860587016e-04
-1.050532293830237367e-04
-9.396466612785884284e-05
-8.367537552053892758e-05
-7.415710551765367119e-05
-6.538138253041205319e-05
-5.731951369040685294e-05
-4.994258950432282229e-05
-4.322148691879727279e-05
-3.712687281779372429e-05
-3.162920797429143930e-05
-2.669875147879528223e-05
-2.230556566685067870e-05
-1.841952156805686883e-05
-1.501030489864710508e-05
-1.204742261986173410e-05
-9.500210084120703737e-06
-7.337838791510323026e-06
-5.529324780099561356e-06
-4.043537676684924602e-06
-2.849210442291705597e-06
-1.914949865513498496e-06
-1.209247905011097219e-06
-7.004941207398146277e-07
-3.569898810604293033e-07
-1.469668519932258681e-07
-3.862286865801079405e-08
