-2.270036092057339631e-03
-2.183909069714598614e-03
-2.099793485080404636e-03
-2.017671596963594837e-03
-1.937525528149241626e-03
-1.859337263530944431e-03
-1.783088648218718233e-03
-1.708761385639424738e-03
-1.636337035617062546e-03
-1.565797012440189352e-03
-1.497122582919767179e-03
-1.430294864439718297e-03
-1.365294822997453576e-03
-1.302103271245899207e-03
-1.240700866533451727e-03
-1.181068108949391788e-03
-1.123185339379873448e-03
-1.067032737575499468e-03
-1.012590320243595158e-03
-9.598379391642354813e-04
-9.087552793432172003e-04
-8.593218572104986772e-04
-8.115170188730720397e-04
-7.653199384352487623e-04
-7.207096164002257162e-04
-6.776648781710751602e-04
-6.361643726676970926e-04
-5.961865710855208467e-04
-5.577097658193056308e-04
-5.207120695862275115e-04
-4.851714147841187886e-04
-4.510655531312085932e-04
-4.183720556381812622e-04
-3.870683129817971239e-04
-3.571315363549297690e-04
-3.285387588931121066e-04
-3.012668377950546974e-04
-2.752924572882950189e-04
-2.505921326231380056e-04
-2.271422153366289007e-04
-2.049189000839030052e-04
-1.838982334322041424e-04
-1.640561251269292064e-04
-1.453683625104759507e-04
-1.278106290014746150e-04
-1.113585278797287934e-04
-9.598761309856265571e-05
-8.167342956038501310e-05
-6.839156637184414813e-05
-5.611772827705311631e-05
-4.482783317099656677e-05
-3.449814808930692445e-05
-2.510548386745281666e-05
-1.662748286261224846e-05
-9.043061602589465601e-06
-2.333127494146976889e-06
