-1.643765391160082780e-03
-1.563611946628038450e-03
-1.485522386312540955e-03
-1.409480129947388201e-03
-1.335468510604921003e-03
-1.263470776459223351e-03
-1.193470092920852297e-03
-1.125449545202373636e-03
-1.059392141376978196e-03
-9.952808160086745563e-04
-9.330984344470864226e-04
-8.728277978854726005e-04
-8.144516493198501652e-04
-7.579526805507380473e-04
-7.033135404164866326e-04
-6.505168444755005585e-04
-5.995451864008249443e-04
-5.503811514200602616e-04
-5.030073321934002599e-04
-4.574063476294012217e-04
-4.135608652582779951e-04
-3.714536279386900820e-04
-3.310674858880105920e-04
-2.923854353070643613e-04
-2.553906652399904058e-04
-2.200666148298134617e-04
-1.863970438363443151e-04
-1.543661202806504221e-04
-1.239585305169118353e-04
-9.515961911446305338e-05
-6.795556906861049430e-05
-4.233363764943680850e-05
-1.828247078248128917e-05
