-2.265551302493468838e-03
-2.179465528381488958e-03
-2.095391512369824353e-03
-2.013311518599399802e-03
-1.933207675329110930e-03
-1.855061973070025027e-03
-1.778856262707502120e-03
-1.704572253601680572e-03
-1.632191511678344944e-03
-1.561695457506229612e-03
-1.493065364362429785e-03
-1.426282356293494128e-03
-1.361327406167519389e-03
-1.298181333727448485e-03
-1.236824803645340462e-03
-1.177238323582333176e-03
-1.119402242259227680e-03
-1.063296747545074703e-03
-1.008901864565874386e-03
-9.561974538454757339e-04
-9.051632094822482325e-04
-8.557786573755313611e-04
-8.080231535099758342e-04
-7.618758823097807574e-04
-7.173158550823116510e-04
-6.743219085625141475e-04
-6.328727035827912389e-04
-5.929467238899241432e-04
-5.545222751367092067e-04
-5.175774840835950085e-04
-4.820902980475340414e-04
-4.480384846459938507e-04
-4.153996318936614717e-04
-3.841511487189811966e-04
-3.542702659852012118e-04
-3.257340381191479702e-04
-2.985193454733935645e-04
-2.726028975811733849e-04
-2.479612375029336541e-04
-2.245707475164876194e-04
-2.024076564745336303e-04
-1.814480492500030980e-04
-1.616678788176464986e-04
-1.430429817028276891e-04
-1.255490977813086850e-04
-1.091618957738998741e-04
-9.385700631031043467e-05
-7.961006521644539485e-05
-6.639677087535568825e-05
-5.419296138302596196e-05
-4.297472023931564239e-05
-3.271852437870164857e-05
-2.340145719819862696e-05
-1.500152553710502876e-05
-7.498151492799703562e-06
-8.729776088282279996e-07
