-2.177402510925838253e-03
-2.092131652835346658e-03
-2.008878991842365149e-03
-1.927626903896457675e-03
-1.848357632265707363e-03
-1.771053285833623127e-03
-1.695695837388772357e-03
-1.622267121915548990e-03
-1.550748834885634381e-03
-1.481122530554700731e-03
-1.413369620269767880e-03
-1.347471370793074021e-03
-1.283408902642863654e-03
-1.221163188465628239e-03
-1.160715051440101408e-03
-1.102045163725699078e-03
-1.045134044963752203e-03
-9.899620608425554330e-04
-9.365094217428799597e-04
-8.847561814731642925e-04
-8.346822361187724313e-04
-7.862673230215677178e-04
-7.394910199177562446e-04
-6.943327442589568516e-04
-6.507717527534963298e-04
-6.087871411686257908e-04
-5.683578444379549111e-04
-5.294626371347944341e-04
-4.920801343789793980e-04
-4.561887932606381157e-04
-4.217669148813974877e-04
-3.887926471385799742e-04
-3.572439884026571734e-04
-3.270987922801593976e-04
-2.983347736972198237e-04
-2.709295166027319950e-04
-2.448604836745222105e-04
-2.201050285161133065e-04
-1.966404109832527343e-04
-1.744438164785439103e-04
-1.534923803333496399e-04
-1.337632187909464467e-04
-1.152334686697314953e-04
-9.788033861710383028e-05
-8.168117610812204222e-05
-6.661355625082597976e-05
-5.265540148236647300e-05
-3.978514617399627352e-05
-2.798196855112379967e-05
-1.722612725533369244e-05
-7.499467927781612527e-06
