-2.251836043023824202e-03
-2.165876539733039684e-03
-2.081929778613133761e-03
-1.999978040320793057e-03
-1.920003470072672181e-03
-1.841988075801414756e-03
-1.765913726296890283e-03
-1.691762149331890903e-03
-1.619514929778885243e-03
-1.549153507713574036e-03
-1.480659176512460085e-03
-1.414013080943593613e-03
-1.349196215257764076e-03
-1.286189421279467773e-03
-1.224973386504529197e-03
-1.165528642208571355e-03
-1.107835561569609764e-03
-1.051874357814690806e-03
-9.976250823944222620e-04
-9.450676231956489041e-04
-8.941817027995239498e-04
-8.449468767981896736e-04
-7.973425321809159095e-04
-7.513478858049070465e-04
-7.069419829685279644e-04
-6.641036961042310954e-04
-6.228117236176378396e-04
-5.830445888985185017e-04
-5.447806395354861178e-04
-5.079980467751876293e-04
-4.726748052681211407e-04
-4.387887331615272172e-04
-4.063174726015019930e-04
-3.752384907276345408e-04
-3.455290812593813494e-04
-3.171663667967147653e-04
-2.901273019855915309e-04
-2.643886777414505840e-04
-2.399271267689331551e-04
-2.167191306866643268e-04
-1.947410291529562106e-04
-1.739690315087139060e-04
-1.543792316205499224e-04
-1.359476268365139063e-04
-1.186501422942801566e-04
-1.024626622936704361e-04
-8.736107114065954499e-05
-7.332130691574422800e-05
-6.031943324059691088e-05
-4.833173669432219905e-05
-3.733486177890244905e-05
-2.730600261916856319e-05
-1.822318367531459358e-05
-1.006568667257882163e-05
-2.814731870106514512e-06
