-2.116635945272147407e-03
-2.031931580417381967e-03
-1.949250014118203813e-03
-1.868573707615811975e-03
-1.789884992217237025e-03
-1.713166067742716292e-03
-1.638399000982436807e-03
-1.565565724170654097e-03
-1.494648033475656822e-03
-1.425627587515731001e-03
-1.358485905906138070e-03
-1.293204367845890088e-03
-1.229764210752573540e-03
-1.168146528954216046e-03
-1.108332272452272832e-03
-1.050302245768064673e-03
-9.940371068880573483e-04
-9.395173663261705260e-04
-8.867233863261052892e-04
-8.356353802262631719e-04
-7.862334120180699496e-04
-7.384973961308726386e-04
-6.924070974847719093e-04
-6.479421318586575489e-04
-6.050819666311645865e-04
-5.638059219627879204e-04
-5.240931725022723387e-04
-4.859227497152387976e-04
-4.492735449565698667e-04
-4.141243134388828480e-04
-3.804536792723716928e-04
-3.482401418108549830e-04
-3.174620835841680333e-04
-2.880977801758918431e-04
-2.601254125052778680e-04
-2.335230821003891704e-04
-2.082688301260205821e-04
-1.843406611749343689e-04
-1.617165731628432586e-04
-1.403745951423351749e-04
-1.202928355301483574e-04
-1.014495442363078049e-04
-8.382319367905845492e-05
-6.739258595491385672e-05
-5.213699706878792937e-05
-3.803637505699399306e-05
-2.507161894178290811e-05
-1.322498345645288705e-05
-2.480688427041406648e-06
