-1.538197120965900319e-03
-1.459097265438968026e-03
-1.382071965610294972e-03
-1.307104947626536607e-03
-1.234179868383403558e-03
-1.163280318882691346e-03
-1.094389828159104310e-03
-1.027491867871229043e-03
-9.625698576592835783e-04
-8.996071713873829857e-04
-8.385871444245378802e-04
-7.794930821272844914e-04
-7.223082697438476573e-04
-6.670159839824687164e-04
-6.135995065553554329e-04
-5.620421400688935601e-04
-5.123272267227912870e-04
-4.644381703823946767e-04
-4.183584627429291747e-04
-3.740717144720242041e-04
-3.315616924777758240e-04
-2.908123647559525404e-04
-2.518079547187185210e-04
-2.145330074907513874e-04
-1.789724714916632645e-04
-1.451117997783348001e-04
-1.129370772953137921e-04
-8.243518261952191410e-05
-5.359399645989603513e-05
-2.640267481328279007e-05
-8.520136376792178024e-07
