-2.483864807675698581e-03
-2.395794164038939252e-03
-2.309720438906830067e-03
-2.225625672568571321e-03
-2.143491764726602328e-03
-2.063300472485749427e-03
-1.985033408316404322e-03
-1.908672037992588822e-03
-1.834197678501191513e-03
-1.761591495930785005e-03
-1.690834503333803890e-03
-1.621907558564090936e-03
-1.554791362095158573e-03
-1.489466454813845493e-03
-1.425913215793372761e-03
-1.364111860050443940e-03
-1.304042436278814773e-03
-1.245684824570643910e-03
-1.189018734120359791e-03
-1.134023700917440470e-03
-1.080679085425881834e-03
-1.028964070255626237e-03
-9.788576578276088694e-04
-9.303386680350985479e-04
-8.833857359025573024e-04
-8.379773092477322974e-04
-7.940916463496860370e-04
-7.517068136238429839e-04
-7.108006833122506793e-04
-6.713509311896852846e-04
-6.333350342923844229e-04
-5.967302686745801568e-04
-5.615137071953471256e-04
-5.276622173460003866e-04
-4.951524591202000882e-04
-4.639608829362794513e-04
-4.340637276176688561e-04
-4.054370184385948091e-04
-3.780565652452239317e-04
-3.518979606588381725e-04
-3.269365783717594499e-04
-3.031475715461786334e-04
-2.805058713249803867e-04
-2.589861854682462875e-04
-2.385629971252647323e-04
-2.192105637570535286e-04
-2.009029162212274766e-04
-1.836138580355423620e-04
-1.673169648345015274e-04
-1.519855840367537896e-04
-1.375928347401961206e-04
-1.241116078655490657e-04
-1.115145665675318799e-04
-9.977414693813892665e-05
-8.886255902606842805e-05
-7.875178820074683656e-05
-6.941359689286398711e-05
-6.081952674775494005e-05
-5.294090123646886045e-05
-4.574882877681872849e-05
-3.921420643366797153e-05
-3.330772428669546384e-05
-2.799987058841684845e-05
-2.326093788622736474e-05
-1.906103036674743241e-05
-1.537007282310529362e-05
-1.215782189384140059e-05
-9.393880674868911759e-06
-7.047718674850686268e-06
-5.088700856810402809e-06
-3.486133410128830989e-06
-2.209343360908107327e-06
-1.227835292167772699e-06
-5.116558176685136965e-07
-3.249560335748517761e-08
