-2.172093979014611941e-03
-2.086872454123383461e-03
-2.003669522904762482e-03
-1.922467568482324335e-03
-1.843248841520157832e-03
-1.765995458530011724e-03
-1.690689400176526025e-03
-1.617312509578713517e-03
-1.545846490619202408e-03
-1.476272906256084327e-03
-1.408573176850433373e-03
-1.342728578507781240e-03
-1.278720241443871957e-03
-1.216529148379499490e-03
-1.156136132971815732e-03
-1.097521878293705082e-03
-1.040666915367183514e-03
-9.855516217676691271e-04
-9.321562203097580237e-04
-8.804607778297143849e-04
-8.304452040883278027e-04
-7.820892508102709074e-04
-7.353725108886778042e-04
-6.902744177850204986e-04
-6.467742451588959218e-04
-6.048511067698344014e-04
-5.644839567036320695e-04
-5.256515899797459647e-04
-4.883326436160101642e-04
-4.525055982351547921e-04
-4.181487803223369877e-04
-3.852403652634132296e-04
-3.537583813249917889e-04
-3.236807147780195056e-04
-2.949851164160501894e-04
-2.676492097844802723e-04
-2.416505015306066959e-04
-2.169663943911894345e-04
-1.935742035046614327e-04
-1.714511769434485361e-04
-1.505745216679920328e-04
-1.309214365338284966e-04
-1.124691545965645370e-04
-9.519499786976812227e-05
-7.907644905436884400e-05
-6.409124686739182432e-05
-5.021751494768678364e-05
-3.743393983359952736e-05
-2.572002295252603674e-05
-1.505644852829270433e-05
-5.425641583339414521e-06
