-2.044410527465438925e-03
-1.960384629636584101e-03
-1.878387181250783071e-03
-1.798400754419542374e-03
-1.720407795226475134e-03
-1.644390622415417514e-03
-1.570331426110638424e-03
-1.498212266573758578e-03
-1.428015073010021783e-03
-1.359721642428518085e-03
-1.293313638572934476e-03
-1.228772590926975692e-03
-1.166079893820216613e-03
-1.105216805638605318e-03
-1.046164448169106462e-03
-9.889038060945721294e-04
-9.334157266677432785e-04
-8.796809195935830113e-04
-8.276799571573123949e-04
-7.773932746383297940e-04
-7.288011710620576978e-04
-6.818838103457998921e-04
-6.366212229130797885e-04
-5.929933078579992852e-04
-5.509798357618100710e-04
-5.105604522860741163e-04
-4.717146826934500337e-04
-4.344219374756781889e-04
-3.986615193226740808e-04
-3.644126317094775812e-04
-3.316543894584381754e-04
-3.003658317233501599e-04
-2.705259379657107190e-04
-2.421136476609721797e-04
-2.151078846908676008e-04
-1.894875876885092228e-04
-1.652317480235342042e-04
-1.423194577204704302e-04
-1.207299704655573911e-04
-1.004427801367745150e-04
-8.143772320905667350e-05
-6.369511435038767173e-05
-4.719592925401844448e-05
-3.192205653127742497e-05
-1.785665386910497863e-05
-4.984667757212335631e-06
