-2.431534407472730423e-03
-2.343935337060228368e-03
-2.258336606405004447e-03
-2.174720303191904520e-03
-2.093068375284141448e-03
-2.013362628724894507e-03
-1.935584725707082277e-03
-1.859716182520896807e-03
-1.785738367474654260e-03
-1.713632498791099659e-03
-1.643379642479798897e-03
-1.574960710184618610e-03
-1.508356457009820371e-03
-1.443547479325530108e-03
-1.380514212550022074e-03
-1.319236928914317101e-03
-1.259695735209683627e-03
-1.201870570517602627e-03
-1.145741203925425625e-03
-1.091287232231547173e-03
-1.038488077637395165e-03
-9.873229854331152123e-04
-9.377710216787777005e-04
-8.898110708810275105e-04
-8.434218336747113104e-04
-7.985818245047108469e-04
-7.552693693207061061e-04
-7.134626032815219541e-04
-6.731394684796538404e-04
-6.342777116883960807e-04
-5.968548821374134242e-04
-5.608483293253798676e-04
-5.262352008737454859e-04
-4.929924404327070547e-04
-4.610967856457679295e-04
-4.305247661836803571e-04
-4.012527018593688545e-04
-3.732567008350781549e-04
-3.465126579353679085e-04
-3.209962530836129734e-04
-2.966829498769857050e-04
-2.735479943229669688e-04
-2.515664137595750470e-04
-2.307130159872895748e-04
-2.109623886457401873e-04
-1.922888988727190003e-04
-1.746666932936713035e-04
-1.580696983974044095e-04
-1.424716213685605260e-04
-1.278459514655585149e-04
-1.141659620550287968e-04
-1.014047134492338480e-04
-8.953505673566937418e-05
-7.852963885527143877e-05
-6.836090927642893397e-05
-5.900112874939911510e-05
-5.042238082922742586e-05
-4.259658716860302200e-05
-3.549552807615688390e-05
-2.909087063787353715e-05
-2.335420805190830269e-05
-1.825711619768942835e-05
-1.377123782903228664e-05
-9.868413318277653655e-06
-6.520894835830590036e-06
-3.701722353580072880e-06
-1.385448734695990107e-06
