-2.489565259476236511e-03
-2.401443402503369677e-03
-2.315318096277169634e-03
-2.231171376142056847e-03
-2.148985136786372551e-03
-2.068741130228520051e-03
-1.990420963781005647e-03
-1.914006097987225319e-03
-1.839477844532758349e-03
-1.766817364132361803e-03
-1.696005664392952108e-03
-1.627023597652108803e-03
-1.559851858795368706e-03
-1.494470983051445065e-03
-1.430861343766294145e-03
-1.369003150158607917e-03
-1.308876445057340857e-03
-1.250461102622038925e-03
-1.193736826049128551e-03
-1.138683145264658735e-03
-1.085279414606604665e-03
-1.033504810496896137e-03
-9.833383291097507872e-04
-9.347587840333862258e-04
-8.877448039324444765e-04
-8.422748302124385706e-04
-7.983271146894898272e-04
-7.558797172690527371e-04
-7.149105036388374735e-04
-6.753971429789366312e-04
-6.373171056930852351e-04
-6.006476611688486714e-04
-5.653658755692240762e-04
-5.314486096625218670e-04
-4.988725166975960896e-04
-4.676140403297701078e-04
-4.376494126048223487e-04
-4.089546520092299741e-04
-3.815055615946148608e-04
-3.552777271846409876e-04
-3.302465156733999456e-04
-3.063870734266718938e-04
-2.836743247941710317e-04
-2.620829707458116587e-04
-2.415874876426620389e-04
-2.221621261553560777e-04
-2.037809103430376369e-04
-1.864176369069634766e-04
-1.700458746328502378e-04
-1.546389640383731567e-04
-1.401700172413241805e-04
-1.266119180660711880e-04
-1.139373224067167790e-04
-1.021186588654975070e-04
-9.112812968802518326e-05
-8.093771201591019469e-05
-7.151915948066340720e-05
-6.284400416436288872e-05
-5.488355895376298405e-05
-4.760892031937273485e-05
-4.099097155405318366e-05
-3.500038651261360562e-05
-2.960763390283326996e-05
-2.478298219253495670e-05
-2.049650521959163447e-05
-1.671808862879920005e-05
-1.341743732141269544e-05
-1.056408421287270748e-05
-8.127400795685585844e-06
-6.076610393375110538e-06
-4.380805789555460684e-06
-3.008974678925825387e-06
-1.930040660439116122e-06
-1.112939227784200533e-06
-5.267866275986250384e-07
-1.413659345226350206e-07
