-1.455148205048066058e-03
-1.376887763611194708e-03
-1.300710728433663059e-03
-1.226601097679770212e-03
-1.154542816862387565e-03
-1.084519783807755614e-03
-1.016515854412002040e-03
-9.505148493063960043e-04
-8.865005615816856947e-04
-8.244567657494979857e-04
-7.643672281423504519e-04
-7.062157190142148667e-04
-6.499860266365024321e-04
-5.956619737712155055e-04
-5.432274369689725838e-04
-4.926663692606667510e-04
-4.439628269387694702e-04
-3.971010013127941303e-04
-3.520652565425380111e-04
-3.088401749790560427e-04
-2.674106118432160008e-04
-2.277617616426818020e-04
-1.898792394970547049e-04
-1.537491816326750271e-04
-1.193583708444275046e-04
-8.669439497437512652e-05
-5.574584978201216204e-05
-2.650260265921401448e-05
