-2.012496717645595196e-03
-1.928772428965817333e-03
-1.847079152019074147e-03
-1.767399511404085972e-03
-1.689716007665396490e-03
-1.614011016109056194e-03
-1.540266785661098450e-03
-1.468465437781279938e-03
-1.398588965435392526e-03
-1.330619232147901279e-03
-1.264537971133182590e-03
-1.200326784538417344e-03
-1.137967142799775622e-03
-1.077440384143296638e-03
-1.018727714246629376e-03
-9.618102060958411397e-04
-9.066688000632673865e-04
-8.532843042493266309e-04
-8.016373951289315365e-04
-7.517086185580342406e-04
-7.034783912010556016e-04
-6.569270024538828752e-04
-6.120346169515661306e-04
-5.687812777685615981e-04
-5.271469104404857354e-04
-4.871113279655325855e-04
-4.486542369793076416e-04
-4.117552453424596498e-04
-3.763938714357997544e-04
-3.425495555366355632e-04
-3.102016737446080304e-04
-2.793295550522337028e-04
-2.499125023350593747e-04
-2.219298182556554754e-04
-1.953608374064442089e-04
-1.701849664471150536e-04
-1.463817346206183040e-04
-1.239308579255123577e-04
-1.028123215394373055e-04
-8.300648706153861394e-05
-6.449423418970791897e-05
-4.725715128338012216e-05
-3.127779721142129972e-05
-1.654007048634382690e-05
-3.029746098521583105e-06
