-2.161347353007218169e-03
-2.076225789084956350e-03
-1.993123624800516303e-03
-1.912023257959278178e-03
-1.832906954367570247e-03
-1.755756846163049594e-03
-1.680554930145523439e-03
-1.607283066110998769e-03
-1.535922975190148147e-03
-1.466456238196605115e-03
-1.398864293994046652e-03
-1.333128437877853165e-03
-1.269229819989780477e-03
-1.207149443762353279e-03
-1.146868164410116053e-03
-1.088366687469087849e-03
-1.031625567403928303e-03
-9.766252062894456576e-04
-9.233458525852793978e-04
-8.717676000186137504e-04
-8.218703865985269984e-04
-7.736339937827440552e-04
-7.270380458258830737e-04
-6.820620093442499726e-04
-6.386851931329423117e-04
-5.968867482842605404e-04
-5.566456686618549785e-04
-5.179407917980582629e-04
-4.807508002919623144e-04
-4.450542238104888168e-04
-4.108294418064544103e-04
-3.780546871018619615e-04
-3.467080505173254453e-04
-3.167674867723033715e-04
-2.882108219385099367e-04
-2.610157628066403024e-04
-2.351599086262374041e-04
-2.106207658116753445e-04
-1.873757663962707877e-04
-1.654022912629758550e-04
-1.446776995401561727e-04
-1.251793660539366761e-04
-1.068847294603190415e-04
-8.977135476886359685e-05
-7.381701561719757304e-05
-5.899980423042423556e-05
-4.529828113956711728e-05
-3.269168364588204059e-05
-2.116022405251288170e-05
-1.068553073841722463e-05
-1.251328147049364575e-06
