-1.609234793873116302e-03
-1.529424351884464857e-03
-1.451681216293672447e-03
-1.375988902525957479e-03
-1.302330844628219559e-03
-1.230690397502754883e-03
-1.161050839572245336e-03
-1.093395375942315950e-03
-1.027707142133846676e-03
-9.639692084816725310e-04
-9.021645852987124955e-04
-8.422762289333294173e-04
-7.842870488740860332e-04
-7.281799160700824433e-04
-6.739376726971019020e-04
-6.215431436198866084e-04
-5.709791498745611085e-04
-5.222285245632149291e-04
-4.752741316420832241e-04
-4.300988882071193594e-04
-3.866857910315849630e-04
-3.450179483137376293e-04
-3.050786178595708744e-04
-2.668512532788460540e-04
-2.303195602646059101e-04
-1.954675656910438437e-04
-1.622797032025277925e-04
-1.307409203000553315e-04
-1.008368138747580691e-04
-7.255380400610626128e-05
-4.587936024075858201e-05
-2.080230141572663867e-05
