-2.371331982654004134e-03
-2.284278663702909735e-03
-2.199229723902798844e-03
-2.116167310158293541e-03
-2.035073430698533352e-03
-1.955929953106000721e-03
-1.878718602320673513e-03
-1.803420958616834806e-03
-1.730018455560265560e-03
-1.658492377940162365e-03
-1.588823859679061069e-03
-1.520993881722134539e-03
-1.454983269908432814e-03
-1.390772692820311726e-03
-1.328342659619002148e-03
-1.267673517863656882e-03
-1.208745451317377135e-03
-1.151538477743253722e-03
-1.096032446690377218e-03
-1.042207037276380623e-03
-9.900417559652323514e-04
-9.395159343498198784e-04
-8.906087269355542676e-04
-8.432991089378563936e-04
-7.975658740927586482e-04
-7.533876324886531421e-04
-7.107428084260250089e-04
-6.696096383122394826e-04
-6.299661685993196512e-04
-5.917902537759502568e-04
-5.550595544232509067e-04
-5.197515353471359161e-04
-4.858434638034890671e-04
-4.533124078313009969e-04
-4.221352347138322691e-04
-3.922886095922515910e-04
-3.637489942567786886e-04
-3.364926461497230042e-04
-3.104956176168138533e-04
-2.857337554542552878e-04
-2.621827008077032826e-04
-2.398178894911451255e-04
-2.186145528094851230e-04
-1.985477189933183145e-04
-1.795922153752428250e-04
-1.617226714810458365e-04
-1.449135232521199502e-04
-1.291390186874318761e-04
-1.143732252833633051e-04
-1.005900397834612450e-04
-8.776320093574339247e-05
-7.586630623183823578e-05
-6.487283400656851655e-05
-5.475617290479062576e-05
-4.548966169375525341e-05
-3.704664398009016433e-05
-2.940054503053915686e-05
-2.252498250652470915e-05
-1.639393137675097535e-05
-1.098197973708889752e-05
-6.264746831098784023e-06
-2.219614468277977859e-06
