-1.068574195191953399e-03
-9.943548919065451751e-04
-9.222664247912985272e-04
-8.522945263040630163e-04
-7.844250027645813684e-04
-7.186437537220198395e-04
-6.549367943368062436e-04
-5.932902813440241478e-04
-5.336905432921874642e-04
-4.761241159082509576e-04
-4.205777836654225887e-04
-3.670386289038458081e-04
-3.154940902145208430e-04
-2.659320322958360098e-04
-2.183408301443911896e-04
-1.727094713421682335e-04
-1.290276814647677364e-04
-8.728607940007859789e-05
-4.747637192050967983e-05
-9.591600616833446014e-06
