-2.467695407293946618e-03
-2.379770197024106033e-03
-2.293842953634558403e-03
-2.209895731668230692e-03
-2.127910445295859865e-03
-2.047868866308043094e-03
-1.969752622078524071e-03
-1.893543193502844960e-03
-1.819221912911133179e-03
-1.746769961956335347e-03
-1.676168369475495787e-03
-1.607398009331505954e-03
-1.540439598228969184e-03
-1.475273693508466618e-03
-1.411880690921379260e-03
-1.350240822383446228e-03
-1.290334153711595070e-03
-1.232140582341262293e-03
-1.175639835032282494e-03
-1.120811465558105074e-03
-1.067634852385778961e-03
-1.016089196344044723e-03
-9.661535182887048996e-04
-9.178066567600765132e-04
-8.710272656418214946e-04
-8.257938118194547723e-04
-7.820845728466369355e-04
-7.398776346186184023e-04
-6.991508890602336898e-04
-6.598820318304148046e-04
-6.220485600503347125e-04
-5.856277700576681530e-04
-5.505967551955657895e-04
-5.169324036396266090e-04
-4.846113962719718056e-04
-4.536102046069510809e-04
-4.239050887787033841e-04
-3.954720955962400821e-04
-3.682870566780627620e-04
-3.423255866727987064e-04
-3.175630815789228520e-04
-2.939747171729610608e-04
-2.715354475608249300e-04
-2.502200038629682675e-04
-2.300028930507064218e-04
-2.108583969481423717e-04
-1.927605714187939460e-04
-1.756832457558273281e-04
-1.596000222989489863e-04
-1.444842763032844321e-04
-1.303091560888411274e-04
-1.170475835046854801e-04
-1.046722547482212734e-04
-9.315564158661488868e-05
-8.246999304105350739e-05
-7.258733760704631083e-05
-6.347948610732800825e-05
-5.511803530351144662e-05
-4.747437243779268956e-05
-4.051968094310836026e-05
-3.422494766291307039e-05
-2.856097208385547222e-05
-2.349837834639556544e-05
-1.900763123846236559e-05
-1.505905814143777462e-05
-1.162288028977747809e-05
-8.669259377924833424e-06
-6.168371026087256915e-06
-4.090528807111764352e-06
-2.406412738797007386e-06
-1.087542908463139586e-06
-1.074505727523785602e-07
