-1.144088793871399093e-03
-1.069061656008037228e-03
-9.961551850107756671e-04
-9.253547021520468771e-04
-8.566455696810315774e-04
-7.900132061436258239e-04
-7.254431040533352703e-04
-6.629208503261788295e-04
-6.024321499979992320e-04
-5.439628538517902101e-04
-4.874989907415759106e-04
-4.330268055809143512e-04
-3.805328042234220102e-04
-3.300038067908379587e-04
-2.814270114392129676e-04
-2.347900711484609496e-04
-1.900811869231606912e-04
-1.472892219104115607e-04
-1.064038425113067910e-04
-6.741569482129334656e-05
-3.031662803595210710e-05
