-2.374637660114026997e-03
-2.287554283200135454e-03
-2.202475060694716793e-03
-2.119382136114998996e-03
-2.038257514231970723e-03
-1.959083059097751350e-03
-1.881840492045160334e-03
-1.806511389665846259e-03
-1.733077181760700643e-03
-1.661519149272678176e-03
-1.591818422190615420e-03
-1.523955977438530302e-03
-1.457912636740395880e-03
-1.393669064467277594e-03
-1.331205765469498353e-03
-1.270503082890306898e-03
-1.211541195967412660e-03
-1.154300117823422057e-03
-1.098759693247926012e-03
-1.044899596470479303e-03
-9.926993289346669296e-04
-9.421382170707115825e-04
-8.931954100717292341e-04
-8.458498776809157639e-04
-8.000804079915177372e-04
-7.558656052663002833e-04
-7.131838877836408101e-04
-6.720134857171640311e-04
-6.323324390550173757e-04
-5.941185955728598344e-04
-5.573496088652280444e-04
-5.220029364524718081e-04
-4.880558379750172182e-04
-4.554853734909431904e-04
-4.242684018966583117e-04
-3.943815794921106191e-04
-3.658013587159308910e-04
-3.385039870826055206e-04
-3.124655063554434122e-04
-2.876617520011688373e-04
-2.640683529778666688e-04
-2.416607319203462035e-04
-2.204141058031070736e-04
-2.003034871779747024e-04
-1.813036861118631337e-04
-1.633893129819333158e-04
-1.465347823298625437e-04
-1.307143180416954194e-04
-1.159019602010753487e-04
-1.020715740863419605e-04
-8.919686195007474219e-05
-7.725137846842760063e-05
-6.620855111522661583e-05
-5.604170727384308364e-05
-4.672411077020888459e-05
-3.822901190950632932e-05
-3.052971742403079198e-05
-2.359969076348044135e-05
-1.741270046718711409e-05
-1.194304841389161654e-05
-7.165938795538598274e-06
-3.058114458436773099e-06
