-2.429107073047196991e-03
-2.341529939595336177e-03
-2.255953306599084874e-03
-2.172359264032496830e-03
-2.090729762088518531e-03
-2.011046609180012264e-03
-1.933291469912355297e-03
-1.857445863031526555e-03
-1.783491159345675439e-03
-1.711408579621561451e-03
-1.641179192458678323e-03
-1.572783912137420189e-03
-1.506203496447055569e-03
-1.441418544490719305e-03
-1.378409494469007984e-03
-1.317156621448950992e-03
-1.257640035108742275e-03
-1.199839677470729542e-03
-1.143735320620463229e-03
-1.089306564410148781e-03
-1.036532834154804206e-03
-9.853933783202238790e-04
-9.358672662044115447e-04
-8.879333856201587815e-04
-8.415704405754526746e-04
-7.967569489624034759e-04
-7.534712402521732142e-04
-7.116914532060945875e-04
-6.713955336034564290e-04
-6.325612319946043172e-04
-5.951661014819214449e-04
-5.591874955401220093e-04
-5.246025658783731206e-04
-4.913882603547087584e-04
-4.595213209520006606e-04
-4.289782818254414543e-04
-3.997354674314325569e-04
-3.717689907525058833e-04
-3.450547516318880435e-04
-3.195684352332248406e-04
-2.952855106459473505e-04
-2.721812296560513120e-04
-2.502306257078250112e-04
-2.294085130862178097e-04
-2.096894863537458417e-04
-1.910479200833300160e-04
-1.734579689372472934e-04
-1.568935681535489916e-04
-1.413284345144357704e-04
-1.267360678945003119e-04
-1.130897535086931860e-04
-1.003625650196777048e-04
-8.852736871368286438e-05
-7.755682902607413578e-05
-6.742341580160971784e-05
-5.809941382728567885e-05
-4.955693540591710991e-05
-4.176793709316757797e-05
-3.470424228248571874e-05
-2.833757224202137007e-05
-2.263958976591072737e-05
-1.758196235895778886e-05
-1.313645700364256970e-05
-9.275088710070364991e-06
-5.970366744949700229e-06
-3.195733651421184961e-06
-9.264305596179780140e-07
