-2.075255009814727398e-03
-1.990938673803793399e-03
-1.908648349245437893e-03
-1.828366559591935829e-03
-1.750075700507465644e-03
-1.673758038447101856e-03
-1.599395709254963771e-03
-1.526970716789990100e-03
-1.456464931584645992e-03
-1.387860089549007624e-03
-1.321137790719535861e-03
-1.256279498073827961e-03
-1.193266536413213012e-03
-1.132080091336185946e-03
-1.072701208308185711e-03
-1.015110791854349510e-03
-9.592896048933039540e-04
-9.052182682351409731e-04
-8.528772602737108273e-04
-8.022469169078968879e-04
-7.533074317308060966e-04
-7.060388565330861892e-04
-6.604211021784049630e-04
-6.164339399154152455e-04
-5.740570032091086477e-04
-5.332697901843462930e-04
-4.940516668016712958e-04
-4.563818709058396392e-04
-4.202395173218196993e-04
-3.856036042155534999e-04
-3.524530209845991714e-04
-3.207665580183044138e-04
-2.905229187532171490e-04
-2.617007345639680476e-04
-2.342785831959328529e-04
-2.082350116510116181e-04
-1.835485647368323696e-04
-1.601978208945181302e-04
-1.381614375024836031e-04
-1.174182086860189520e-04
-9.794713989757952602e-05
-7.972754538856887849e-05
-6.273917757334106509e-05
-4.696240188307072182e-05
-3.237843830879063699e-05
-1.896970393435844647e-05
-6.720314477284732405e-06
