-1.426732731799032613e-03
-1.348761705895637703e-03
-1.272877212230535612e-03
-1.199063348917198081e-03
-1.127304167768029483e-03
-1.057583679896886798e-03
-9.898858621978710685e-04
-9.241946648408951547e-04
-8.604940199434683770e-04
-7.987678516238589212e-04
-7.390000876619185963e-04
-6.811746730670099979e-04
-6.252755858859591117e-04
-5.712868556850579172e-04
-5.191925852266818112e-04
-4.689769759815339435e-04
-4.206243582950692627e-04
-3.741192272160853705e-04
-3.294462852923573954e-04
-2.865904939911693462e-04
-2.455371359124911587e-04
-2.062718906349014184e-04
-1.687809279851146076e-04
-1.330510238544265963e-04
-9.906970561158497243e-05
-6.682543697781182976e-05
-3.630785648256998246e-05
-7.508090173884689476e-06
