-1.759398929654118135e-03
-1.678107965852684152e-03
-1.598869882841495813e-03
-1.521667809137748541e-03
-1.446484771465046844e-03
-1.373303695226082847e-03
-1.302107405201751323e-03
-1.232878626500889330e-03
-1.165599985803153753e-03
-1.100254012941595874e-03
-1.036823142873547713e-03
-9.752897180995490686e-04
-9.156359916090422036e-04
-8.578441304296239916e-04
-8.018962198857890146e-04
-7.477742686859102043e-04
-6.954602149816244746e-04
-6.449359335703447457e-04
-5.961832444558835082e-04
-5.491839230173689882e-04
-5.039197121044228711e-04
-4.603723364422831208e-04
-4.185235198298270422e-04
-3.783550057336575049e-04
-3.398485820438039038e-04
-3.029861109602671135e-04
-2.677495652744686866e-04
-2.341210726812169513e-04
-2.020829702889242606e-04
-1.716178722304710299e-04
-1.427087543163232334e-04
-1.153390611815102447e-04
-8.949284360880367965e-05
-6.515493708176590959e-05
-4.231119787897580738e-05
-2.094882145009449982e-05
-1.056781871458772289e-06
