-2.361152070554165851e-03
-2.274191382849402414e-03
-2.189235768576485320e-03
-2.106267385173097185e-03
-2.025268251624085056e-03
-1.946220246500545911e-03
-1.869105105967391791e-03
-1.793904421771544584e-03
-1.720599639206254940e-03
-1.649172055051214853e-03
-1.579602815494743611e-03
-1.511872914031547324e-03
-1.445963189346070269e-03
-1.381854323173691652e-03
-1.319526838151423385e-03
-1.258961095649054063e-03
-1.200137293592667314e-03
-1.143035464277165686e-03
-1.087635472172438942e-03
-1.033917011726116471e-03
-9.818596051652261642e-04
-9.314426003040527681e-04
-8.826451683578508166e-04
-8.354463017711385650e-04
-7.898248120653636895e-04
-7.457593277114136967e-04
-7.032282920349050169e-04
-6.622099611637274679e-04
-6.226824020245989941e-04
-5.846234904027580509e-04
-5.480109090748323721e-04
-5.128221460312159998e-04
-4.790344928031984033e-04
-4.466250429142897167e-04
-4.155706904811463064e-04
-3.858481289873202241e-04
-3.574338502645492974e-04
-3.303041437178818479e-04
-3.044350958412800432e-04
-2.798025900786632342e-04
-2.563823070982410284e-04
-2.341497255627321124e-04
-2.130801234992823741e-04
-1.931485803997911091e-04
-1.743299802163492010e-04
-1.565990154636981890e-04
-1.399301927058952918e-04
-1.242978397901903427e-04
-1.096761153155422289e-04
-9.603902099605174630e-05
-8.336041783261528317e-05
-7.161404737600404866e-05
-6.077355992739392912e-05
-5.081255238740559971e-05
-4.170461984953870697e-05
-3.342342730761205255e-05
-2.594281174583938992e-05
-1.923693186518504988e-05
-1.328049593236668417e-05
-8.049125071744429874e-06
-3.519968643515287452e-06
