-2.316494418084616511e-03
-2.229941292985575078e-03
-2.145396326424331077e-03
-2.062841723893509525e-03
-1.982259553527147833e-03
-1.903631744172868540e-03
-1.826940083446345307e-03
-1.752166215761856612e-03
-1.679291640344973951e-03
-1.608297709223547364e-03
-1.539165625206445100e-03
-1.471876439840943398e-03
-1.406411051360386202e-03
-1.342750202618656855e-03
-1.280874479013685693e-03
-1.220764306406970810e-03
-1.162399949037836973e-03
-1.105761507437100178e-03
-1.050828916345575553e-03
-9.975819426414607536e-04
-9.460001832796085131e-04
-8.960630632513458954e-04
-8.477498335713721557e-04
-8.010395692958521309e-04
-7.559111675872772331e-04
-7.123433458292568804e-04
-6.703146398079131178e-04
-6.298034019713826806e-04
-5.907877997831824509e-04
-5.532458141897570163e-04
-5.171552382209910472e-04
-4.824936757527655017e-04
-4.492385404573494712e-04
-4.173670549815321619e-04
-3.868562503927896025e-04
-3.576829659464294598e-04
-3.298238492347431048e-04
-3.032553567973325604e-04
-2.779537552832051731e-04
-2.538951232835481050e-04
-2.310553539810628076e-04
-2.094101587996905357e-04
-1.889350722912566053e-04
-1.696054585636179316e-04
-1.513965196477289933e-04
-1.342833063308579661e-04
-1.182407321638018015e-04
-1.032435916050432345e-04
-8.926658363948489477e-05
-7.628434276112932449e-05
-6.427148004405921307e-05
-5.320263833147418232e-05
-4.305256765880159756e-05
-3.379623049776226112e-05
-2.540895240806335923e-05
-1.786664457990757822e-05
-1.114614573201202043e-05
-5.225774293164718934e-06
-8.628067550215218261e-08
