-2.447293260771811387e-03
-2.359551906917402384e-03
-2.273809853879739818e-03
-2.190049174683635948e-03
-2.108251802279320890e-03
-2.028399527539250305e-03
-1.950473997225464409e-03
-1.874456711931815622e-03
-1.800329023999842730e-03
-1.728072135410936572e-03
-1.657667095652107150e-03
-1.589094799560421441e-03
-1.522335985141725669e-03
-1.457371231372241085e-03
-1.394180955972390079e-03
-1.332745413167399145e-03
-1.273044691427076703e-03
-1.215058711188305926e-03
-1.158767222563152153e-03
-1.104149803034851305e-03
-1.051185855141346243e-03
-9.998546041501698862e-04
-9.501350957282537297e-04
-9.020061936072349632e-04
-8.554465772485726673e-04
-8.104347395124326947e-04
-7.669489843318104405e-04
-7.249674243984756449e-04
-6.844679788631968971e-04
-6.454283710566888210e-04
-6.078261262347480279e-04
-5.716385693549427133e-04
-5.368428228897902110e-04
-5.034158046848786301e-04
-4.713342258675088975e-04
-4.405745888157599848e-04
-4.111131851969716420e-04
-3.829260940837727408e-04
-3.559891801616318387e-04
-3.302780920378944342e-04
-3.057682606665963710e-04
-2.824348979055506118e-04
-2.602529952206880746e-04
-2.391973225593969649e-04
-2.192424274133726516e-04
-2.003626340982594316e-04
-1.825320432789737004e-04
-1.657245317763394760e-04
-1.499137526977173320e-04
-1.350731359422339094e-04
-1.211758891439541875e-04
-1.081949991321907474e-04
-9.610323400779154914e-05
-8.487314596719308386e-05
-7.447707504437728646e-05
-6.488715400358100989e-05
-5.607531470079928180e-05
-4.801329636379970787e-05
-4.067265643910215162e-05
-3.402478496604324082e-05
-2.804092394160939090e-05
-2.269219397897632675e-05
-1.794963201938324371e-05
-1.378424650028614615e-05
-1.016710145473083444e-05
-7.069451425234005675e-06
-4.462972345618536740e-06
-2.320191770895505507e-06
-6.153923755949893399e-07
