-2.328248922294528286e-03
-2.241588330016707192e-03
-2.156935077951764850e-03
-2.074271358646737669e-03
-1.993579226983825930e-03
-1.914840598243392877e-03
-1.838037246144901601e-03
-1.763150800863319025e-03
-1.690162747027681728e-03
-1.619054421699223697e-03
-1.549807012329139713e-03
-1.482401554701548094e-03
-1.416818930859756274e-03
-1.353039867018934403e-03
-1.291044931467793394e-03
-1.230814532461640964e-03
-1.172328916108200626e-03
-1.115568164251452875e-03
-1.060512192355100598e-03
-1.007140747391785732e-03
-9.554334057411020646e-04
-9.053695711019707796e-04
-8.569284724266404158e-04
-8.100891618814754034e-04
-7.648305128433566290e-04
-7.211312179408123878e-04
-6.789697871501565495e-04
-6.383245459580042924e-04
-5.991736336057491841e-04
-5.614950014290588740e-04
-5.252664113145765097e-04
-4.904654342936517553e-04
-4.570694492994343519e-04
-4.250556421181575571e-04
-3.944010045712572797e-04
-3.650823339705071995e-04
-3.370762329019744087e-04
-3.103591093984620379e-04
-2.849071775827905287e-04
-2.606964588754252733e-04
-2.377027838874234327e-04
-2.159017951519184354e-04
-1.952689508811941113e-04
-1.757795299993549084e-04
-1.574086387668760577e-04
-1.401312194168380148e-04
-1.239220613603626430e-04
-1.087558157147184125e-04
-9.460701418981777512e-05
-8.145009377931848615e-05
-6.925942931962700408e-05
-5.800937692553989269e-05
-4.767433279997724426e-05
-3.822881434115077361e-05
-2.964757456802690408e-05
-2.190576811546400638e-05
-1.497920050416288085e-05
-8.844719073009898682e-06
-3.480861344426294696e-06
