-2.050665053930842124e-03
-1.966580177947819565e-03
-1.884523254014924473e-03
-1.804476844214594235e-03
-1.726423384232569740e-03
-1.650345182024475030e-03
-1.576224416507958099e-03
-1.504043136293921725e-03
-1.433783258458723496e-03
-1.365426567374262686e-03
-1.298954713597181947e-03
-1.234349212835927955e-03
-1.171591445007462776e-03
-1.110662653397951737e-03
-1.051543943947894078e-03
-9.942162846834608561e-04
-9.386605053165978253e-04
-8.848572970457534072e-04
-8.327872125896719751e-04
-7.824306664969214297e-04
-7.337679357745652275e-04
-6.867791608973217166e-04
-6.414443472622878475e-04
-5.977433671685140979e-04
-5.556559624213504647e-04
-5.151617476770224907e-04
-4.762402146692401280e-04
-4.388707374974734686e-04
-4.030325791846488086e-04
-3.687048997801044541e-04
-3.358667663371535514e-04
-3.044971651897661986e-04
-2.745750170666007295e-04
-2.460791957352135326e-04
-2.189885510752341764e-04
-1.932819377665057601e-04
-1.689382511701314744e-04
-1.459364725376458601e-04
-1.242557264822602089e-04
-1.038753548161927884e-04
-8.477501261334866641e-05
-6.693479505100814915e-05
-5.033540785661941378e-05
-3.495840117649892166e-05
-2.078649859457459045e-05
-7.804074296839542946e-06
