-1.727192804898631043e-03
-1.646216972036732614e-03
-1.567297016144483151e-03
-1.490416142545064344e-03
-1.415557458614839477e-03
-1.342703974574660335e-03
-1.271838604540209737e-03
-1.202944167869782373e-03
-1.136003390850767779e-03
-1.070998908781134636e-03
-1.007913268502217243e-03
-9.467289314608157928e-04
-8.874282773771195384e-04
-8.299936086264982733e-04
-7.744071554470883210e-04
-7.206510821223760608e-04
-6.687074943038911600e-04
-6.185584476862656181e-04
-5.701859582834442044e-04
-5.235720146149629205e-04
-4.786985921827129173e-04
-4.355476707078422341e-04
-3.941012547184063065e-04
-3.543413982304071883e-04
-3.162502344675785070e-04
-2.798100118390348177e-04
-2.450031377532736710e-04
-2.118122323533725695e-04
-1.802201949457339050e-04
-1.502102868812575599e-04
-1.217662360510983856e-04
-9.487237023619854697e-05
-6.951378966001078472e-05
-4.567659389751858753e-05
-2.334818594411511026e-05
-2.517688838724995836e-06
