-2.487841790139262797e-03
-2.399735413746677606e-03
-2.313625699187213045e-03
-2.229494683296698136e-03
-2.147324262273962898e-03
-2.067096189670513274e-03
-1.988792074353499129e-03
-1.912393378441397439e-03
-1.837881415217095492e-03
-1.765237347014099976e-03
-1.694442183078918342e-03
-1.625476777410022906e-03
-1.558321826575366411e-03
-1.492957867506087199e-03
-1.429365275271846482e-03
-1.367524260835367147e-03
-1.307414868789611448e-03
-1.249016975077955156e-03
-1.192310284699330978e-03
-1.137274329402092592e-03
-1.083888465364195178e-03
-1.032131870865663588e-03
-9.819835439559079521e-04
-9.334223001146112718e-04
-8.864267699139132765e-04
-8.409753966808666392e-04
-7.970464341675574139e-04
-7.546179442286663538e-04
-7.136677945125797194e-04
-6.741736561707504637e-04
-6.361130015880864328e-04
-5.994631021416268113e-04
-5.642010259905501672e-04
-5.303036359051055719e-04
-4.977475871403321114e-04
-4.665093253598403492e-04
-4.365650846192291367e-04
-4.078908854140953400e-04
-3.804625328033236272e-04
-3.542556146139232750e-04
-3.292454997386946359e-04
-3.054073365354978723e-04
-2.827160513390424143e-04
-2.611463470952452557e-04
-2.406727021327005481e-04
-2.212693690799281986e-04
-2.029103739455886263e-04
-1.855695153725864157e-04
-1.692203640831865959e-04
-1.538362625296146337e-04
-1.393903247677464197e-04
-1.258554365706320423e-04
-1.132042558016253201e-04
-1.014092130670868732e-04
-9.044251266976009122e-05
-8.027613388607171899e-05
-7.088183259329316609e-05
-6.223114327372633256e-05
-5.429538142757635332e-05
-4.704564643040049486e-05
-4.045282487776729957e-05
-3.448759446931041057e-05
-2.912042849882345212e-05
-2.432160103930520911e-05
-2.006119294821964382e-05
-1.630909887700170540e-05
-1.303503557059665233e-05
-1.020855192319769427e-05
-7.799041592129840296e-06
-5.775759631159622965e-06
-4.107845984227403595e-06
-2.764361810762199117e-06
-1.714352488305285995e-06
-9.269739420461344974e-07
-3.718001916711416179e-07
-1.984437526848792366e-08
