-2.099158950088337271e-03
-2.014618241664917382e-03
-1.932101680753693955e-03
-1.851591754451788674e-03
-1.773070820797376535e-03
-1.696521107273498124e-03
-1.621924709319895637e-03
-1.549263588868771396e-03
-1.478519572903585003e-03
-1.409674352047875093e-03
-1.342709479196379499e-03
-1.277606368190531590e-03
-1.214346292553447008e-03
-1.152910384294540246e-03
-1.093279632795672151e-03
-1.035434883793709231e-03
-9.793568384827190405e-04
-9.250260527490931960e-04
-8.724229365687206656e-04
-8.215277535934064918e-04
-7.723206209586284347e-04
-7.247815093540551073e-04
-6.788902434016409922e-04
-6.346265023972387249e-04
-5.919698214812449226e-04
-5.508995933177371568e-04
-5.113950703795664245e-04
-4.734353679515870285e-04
-4.369994679962894892e-04
-4.020662240568909020e-04
-3.686143674106093335e-04
-3.366225147415669874e-04
-3.060691776734640081e-04
-2.769327745872301018e-04
-2.491916452729315027e-04
-2.228240691277676307e-04
-1.978082878261973928e-04
-1.741225336950386266e-04
-1.517450654459067284e-04
-1.306542135213991426e-04
-1.108284381848956930e-04
-9.224640477765430396e-05
-7.488708253795920431e-05
-5.872987644656518466e-05
-4.375480651200366747e-05
-2.994275717846348557e-05
-1.727583395898232231e-05
-5.737890884259971472e-06
