-2.426635742586763685e-03
-2.339080949497072872e-03
-2.253526820659551219e-03
-2.169955448386509233e-03
-2.088348785250892809e-03
-2.008688642088775605e-03
-1.930956685971792122e-03
-1.855134438156247866e-03
-1.781203272006552998e-03
-1.709144410891477207e-03
-1.638938926059621722e-03
-1.570567734489276184e-03
-1.504011596716913271e-03
-1.439251114643221464e-03
-1.376266729319203458e-03
-1.315038718714092291e-03
-1.255547195464198516e-03
-1.197772104605748268e-03
-1.141693221296337423e-03
-1.087290148520142887e-03
-1.034542314786183071e-03
-9.834289718180667245e-04
-9.339291922387572571e-04
-8.860218672548873364e-04
-8.396857043411632554e-04
-7.948992249322042172e-04
-7.516407621223964754e-04
-7.098884583796215763e-04
-6.696202632795453030e-04
-6.308139312641512222e-04
-5.934470194299840823e-04
-5.574968853545260103e-04
-5.229406849679998047e-04
-4.897553704784903634e-04
-4.579176883585977294e-04
-4.274041774080342701e-04
-3.981911668974351046e-04
-3.702547748131062894e-04
-3.435709062134642056e-04
-3.181152517161137182e-04
-2.938632861335023104e-04
-2.707902672817221737e-04
-2.488712349873562976e-04
-2.280810103236238329e-04
-2.083941951125393630e-04
-1.897851717371096811e-04
-1.722281033172781185e-04
-1.556969343149075676e-04
-1.401653916505802232e-04
-1.256069864347470941e-04
-1.119950164469575934e-04
-9.930256953683292971e-05
-8.750252817512278226e-05
-7.656757546644722744e-05
-6.647020304846197451e-05
-5.718272147613109879e-05
-4.867727394709928015e-05
-4.092585462777252755e-05
-3.390033347759550383e-05
-2.757249052324638357e-05
-2.191406433144215147e-05
-1.689682263694404713e-05
-1.249266911426533586e-05
-8.673812375643031379e-06
-5.413049562249605040e-06
-2.684280355171743834e-06
-4.635442684121048794e-07
