-1.445716950790936102e-03
-1.367552441484069098e-03
-1.291472370299039368e-03
-1.217460768168807496e-03
-1.145501615441784716e-03
-1.075578847055619000e-03
-1.007676358524388013e-03
-9.417780128726157282e-04
-8.778676486685028663e-04
-8.159290893327971958e-04
-7.559461539501047961e-04
-6.979026698391935799e-04
-6.417824872011791693e-04
-5.875694962386553361e-04
-5.352476472171724137e-04
-4.848009740621936087e-04
-4.362136222252616775e-04
-3.894698817414724056e-04
-3.445542266501986717e-04
-3.014513622727821914e-04
-2.601462822924428386e-04
-2.206243381647998128e-04
-1.828713242310584831e-04
-1.468735830585899630e-04
-1.126181371933955582e-04
-8.009285593803802184e-05
-4.928666936824491630e-05
-2.018984733236713243e-05
