-1.806454147859769873e-03
-1.724705050555677688e-03
-1.645004547567768729e-03
-1.567335660778601970e-03
-1.491681305117159313e-03
-1.418024288621530038e-03
-1.346347312674851197e-03
-1.276632972444354626e-03
-1.208863757549873217e-03
-1.143022053002248689e-03
-1.079090140446567567e-03
-1.017050199766130533e-03
-9.568843110941758871e-04
-8.985744573105905117e-04
-8.421025270899994229e-04
-7.874503186061190037e-04
-7.345995439948432631e-04
-6.835318347123400719e-04
-6.342287479480138808e-04
-5.866717742870550256e-04
-5.408423468562987115e-04
-4.967218522433083580e-04
-4.542916435483440683e-04
-4.135330560098348447e-04
-3.744274257626217578e-04
-3.369561124287349051e-04
-3.011005264446063329e-04
-2.668421622764808178e-04
-2.341626390351505323e-04
-2.030437504826410392e-04
-1.734675270933558442e-04
-1.454163137883333619e-04
-1.188728683376007129e-04
-9.382048745894154475e-05
-7.024317071298491119e-05
-4.812583706520168973e-05
-2.745461662243922730e-05
-8.217252739055643985e-06
