-2.381117514165083642e-03
-2.293975247931405621e-03
-2.208836696565213975e-03
-2.125683996988792044e-03
-2.044499147244764961e-03
-1.965264004515255344e-03
-1.887960283120865886e-03
-1.812569552489590088e-03
-1.739073235107760351e-03
-1.667452604442302456e-03
-1.597688782843369008e-03
-1.529762739425812295e-03
-1.463655287927098734e-03
-1.399347084549789266e-03
-1.336818625783306935e-03
-1.276050246211677276e-03
-1.217022116305790415e-03
-1.159714240203750611e-03
-1.104106453481774365e-03
-1.050178420917738950e-03
-9.979096342505259631e-04
-9.472794099382276590e-04
-8.982668869200134470e-04
-8.508510243837245478e-04
-8.050105995471816414e-04
-7.607242054551434070e-04
-7.179702488002280992e-04
-6.767269477728811173e-04
-6.369723299500906592e-04
-5.986842302294166293e-04
-5.618402888195214414e-04
-5.264179492975581487e-04
-4.923944567481221279e-04
-4.597468559954176947e-04
-4.284519899487977354e-04
-3.984864980799236928e-04
-3.698268150558997451e-04
-3.424491695545983758e-04
-3.163295832954571957e-04
-2.914438703239720786e-04
-2.677676365977455192e-04
-2.452762799285537537e-04
-2.239449903525455047e-04
-2.037487510118668054e-04
-1.846623396572156714e-04
-1.666603309069606396e-04
-1.497170994349379073e-04
-1.338068243159747041e-04
-1.189034948230884790e-04
-1.049809180728766199e-04
-9.201272905508842094e-05
-7.997240378411891960e-05
-6.883327660965485534e-05
-5.856856317164074971e-05
-4.915139117836560994e-05
-4.055484228805095680e-05
-3.275201017990654015e-05
-2.571608297904432643e-05
-1.942046368334711696e-05
-1.383895254941229298e-05
-8.946036087556544396e-06
-4.717372451496069980e-06
-1.130672756747782594e-06
