-1.359014063470544327e-03
-1.281737422408159039e-03
-1.206554974522613304e-03
-1.133451071431202696e-03
-1.062410035121700430e-03
-9.934161652843801534e-04
-9.264537477570540178e-04
-8.615070642758353766e-04
-7.985604037406021736e-04
-7.375980752638295734e-04
-6.786044233142136213e-04
-6.215638453427253969e-04
-5.664608123603753331e-04
-5.132798930477476800e-04
-4.620057821159294538e-04
-4.126233338201591066e-04
-3.651176017643383183e-04
-3.194738864421720753e-04
-2.756777923854762408e-04
-2.337152973457929609e-04
-1.935728367175843607e-04
-1.552374074797048086e-04
-1.186966974743763670e-04
-8.393924803740246323e-05
-5.095466127352615127e-05
-1.973386819102989389e-05
