-2.480418376872889959e-03
-2.392378711046288381e-03
-2.306336186531755730e-03
-2.222272846627642521e-03
-2.140170594089562967e-03
-2.060011189120998856e-03
-1.981776247334969977e-03
-1.905447237692612338e-03
-1.831005480413557159e-03
-1.758432144863448371e-03
-1.687708247417036081e-03
-1.618814649295412678e-03
-1.551732054384564888e-03
-1.486441007027412744e-03
-1.422921889799273060e-03
-1.361154921260686063e-03
-1.301120153695404288e-03
-1.242797470827656289e-03
-1.186166585527365959e-03
-1.131207037501778118e-03
-1.077898190973351159e-03
-1.026219232352522078e-03
-9.761491679002912668e-04
-9.276668213890381168e-04
-8.807508317605402398e-04
-8.353796507875317461e-04
-7.915315407391893682e-04
-7.491845720565263505e-04
-7.083166210401859245e-04
-6.689053675556785135e-04
-6.309282927617146115e-04
-5.943626768636999349e-04
-5.591855969005058227e-04
-5.253739245694936510e-04
-4.929043240969390198e-04
-4.617532501580380241e-04
-4.318969458563523068e-04
-4.033114407702704900e-04
-3.759725490726261495e-04
-3.498558677346253550e-04
-3.249367748231497127e-04
-3.011904279005572804e-04
-2.785917625389575580e-04
-2.571154909606789929e-04
-2.367361008164020251e-04
-2.174278541153776712e-04
-1.991647863215722191e-04
-1.819207056312022522e-04
-1.656691924479145267e-04
-1.503835990743235685e-04
-1.360370496385707997e-04
-1.226024402772383896e-04
-1.100524395986381132e-04
-9.835948945217439919e-05
-8.749580603314524607e-05
-7.743338135764935969e-05
-6.814398514702548100e-05
-5.959916717018026250e-05
-5.177026010328830745e-05
-4.462838298298807643e-05
-3.814444535362105293e-05
-3.228915224578689556e-05
-2.703301018133381713e-05
-2.234633449175930882e-05
-1.819925838899093517e-05
-1.456174448752488342e-05
-1.140359993956558196e-05
-8.694497208176603376e-06
-6.404004207664984099e-06
-4.501631144670834554e-06
-2.956909711831526934e-06
-1.739541819428266004e-06
-8.197205094476531316e-07
-1.689809612560296185e-07
