-2.413619416068010001e-03
-2.326182384713521446e-03
-2.240746883406722831e-03
-2.157295016916017678e-03
-2.075808750500402009e-03
-1.996269907912819313e-03
-1.918660169380694783e-03
-1.842961069559740511e-03
-1.769153995461572419e-03
-1.697220184357828418e-03
-1.627140721660906390e-03
-1.558896538780005355e-03
-1.492468410957774804e-03
-1.427836955081372965e-03
-1.364982627479469253e-03
-1.303885721696072982e-03
-1.244526366249600882e-03
-1.186884522376676450e-03
-1.130939981761738822e-03
-1.076672364256577898e-03
-1.024061115589344458e-03
-9.730855050703042085e-04
-9.237246232915653950e-04
-8.759573798292647363e-04
-8.297625009473042022e-04
-7.851185273112084922e-04
-7.420038117126593041e-04
-7.003965168128312938e-04
-6.602746129068840734e-04
-6.216158757197524139e-04
-5.843978842357288629e-04
-5.485980185735397007e-04
-5.141934579128245491e-04
-4.811611784832370568e-04
-4.494779516264616522e-04
-4.191203419431684270e-04
-3.900647055402102644e-04
-3.622871883931759874e-04
-3.357637248426522530e-04
-3.104700362468126537e-04
-2.863816298139765736e-04
-2.634737976450097379e-04
-2.417216160212858197e-04
-2.210999449782833867e-04
-2.015834282161865472e-04
-1.831464934096510252e-04
-1.657633529921302684e-04
-1.494080055108781206e-04
-1.340542376745847803e-04
-1.196756272490895101e-04
-1.062455470071071957e-04
-9.373717000264953150e-05
-8.212347653715079026e-05
-7.137726332196932288e-05
-6.147115554397000563e-05
-5.237762284644968539e-05
-4.406900070976464559e-05
-3.651751946403262354e-05
-2.969534439592720832e-05
-2.357463250053011571e-05
-1.812761514675738253e-05
-1.332672288390759742e-05
-9.144782513692932750e-06
-5.555346609626015766e-06
-2.533287839078592367e-06
-5.599046120381612351e-08
