-2.421561123583802072e-03
-2.334052222425397633e-03
-2.248544322444489402e-03
-2.165019520781259494e-03
-2.083459774924841055e-03
-2.003846900715330111e-03
-1.926162570320470897e-03
-1.850388310185076528e-03
-1.776505498956474933e-03
-1.704495365384357201e-03
-1.634338986197662099e-03
-1.566017283955439734e-03
-1.499511024880457099e-03
-1.434800816665883537e-03
-1.371867106264918878e-03
-1.310690177661908611e-03
-1.251250149623384838e-03
-1.193526973437404994e-03
-1.137500430633804713e-03
-1.083150130699224185e-03
-1.030455508775246325e-03
-9.793958233565752854e-04
-9.299501539796838469e-04
-8.820973989132996178e-04
-8.358162728514270754e-04
-7.910853046104256072e-04
-7.478828348403513153e-04
-7.061870137470363257e-04
-6.659757988384930414e-04
-6.272269526960737654e-04
-5.899180407772839328e-04
-5.540264292603478595e-04
-5.195292829349301700e-04
-4.864035631499661651e-04
-4.546260258281140825e-04
-4.241732195569496264e-04
-3.950214837713536087e-04
-3.671469470395907352e-04
-3.405255254697334231e-04
-3.151329212561638886e-04
-2.909446213858466520e-04
-2.679358965303501369e-04
-2.460818001533919943e-04
-2.253571678674739945e-04
-2.057366170824377301e-04
-1.871945469946871316e-04
-1.697051389801269698e-04
-1.532423574668076406e-04
-1.377799513817931534e-04
-1.232914562962709592e-04
-1.097501974252784208e-04
-9.712929369010592402e-05
-8.540166312018036647e-05
-7.454002997081359255e-05
-6.451693407857860810e-05
-5.530474319221777985e-05
-4.687566934598731520e-05
-3.920179085783292967e-05
-3.225508236413831848e-05
-2.600745668558576132e-05
-2.043082471584614789e-05
-1.549718388141688242e-05
-1.117875409798716465e-05
-7.448197424241682300e-06
-4.278996554718032392e-06
-1.646166078716992204e-06
