-1.547220513736376549e-03
-1.468030023213376042e-03
-1.390913151554425391e-03
-1.315853597061579072e-03
-1.242834987146209345e-03
-1.171840881530767601e-03
-1.102854776000596363e-03
-1.035860106798701169e-03
-9.708402557558675969e-04
-9.077785562790353490e-04
-8.466583003350560029e-04
-7.874627465963151022e-04
-7.301751299516256403e-04
-6.747786726184446752e-04
-6.212565971548777814e-04
-5.695921417241316207e-04
-5.197685780528996970e-04
-4.717692326252781194e-04
-4.255775117918479504e-04
-3.811769316405450893e-04
-3.385511537178899572e-04
-2.976840279763043155e-04
-2.585596447494332615e-04
-2.211623980992654477e-04
-1.854770636618143181e-04
-1.514888951919876191e-04
-1.191837455609320840e-04
-8.854822022359191904e-05
-5.956987454610370575e-05
-3.223747156512738376e-05
-6.541324915727229680e-06
