-1.248621855846539577e-03
-1.172491707181894322e-03
-1.098468917406110728e-03
-1.026538302187224479e-03
-9.566846800695913162e-04
-8.888928833563380146e-04
-8.231477706378059409e-04
-7.594342412446079696e-04
-6.977372519672549265e-04
-6.380418364567543368e-04
-5.803331278039598404e-04
-5.245963849249012014e-04
-4.708170235165875508e-04
-4.189806525512631370e-04
-3.690731175148843609e-04
-3.210805519390119733e-04
-2.749894392136297190e-04
-2.307866872569721661e-04
-1.884597194524545677e-04
-1.479965863844465439e-04
-1.093861045282074729e-04
-7.261803036771684707e-05
-3.768328184327128771e-05
-4.574224199297585947e-06
