-2.493100789767034153e-03
-2.404947184589566016e-03
-2.318789902547282924e-03
-2.234610975940196868e-03
-2.152392296368580218e-03
-2.072115612719254481e-03
-1.993762529131348597e-03
-1.917314502930232874e-03
-1.842752842540460595e-03
-1.770058705373821119e-03
-1.699213095690771478e-03
-1.630196862440582047e-03
-1.562990697077771586e-03
-1.497575131359020137e-03
-1.433930535116173955e-03
-1.372037114015138689e-03
-1.311874907290713679e-03
-1.253423785470018275e-03
-1.196663448079271323e-03
-1.141573421337299795e-03
-1.088133055839395850e-03
-1.036321524230396710e-03
-9.861178188748441313e-04
-9.375007495200570959e-04
-8.904489409601390806e-04
-8.449408307031964138e-04
-8.009546666420048252e-04
-7.584685047363755143e-04
-7.174602067078935915e-04
-6.779074377518540251e-04
-6.397876642736314949e-04
-6.030781516497038097e-04
-5.677559620235851168e-04
-5.337979521395392214e-04
-5.011807712202919970e-04
-4.698808588979153491e-04
-4.398744432012457605e-04
-4.111375386106313600e-04
-3.836459441864137907e-04
-3.573752417802852997e-04
-3.323007943385524539e-04
-3.083977443072855864e-04
-2.856410121492931799e-04
-2.640052949847194216e-04
-2.434650653657647224e-04
-2.239945701989022651e-04
-2.055678298265999917e-04
-1.881586372827487991e-04
-1.717405577365537243e-04
-1.562869281388579255e-04
-1.417708570876764318e-04
-1.281652249291003734e-04
-1.154426841115595124e-04
-1.035756598105067652e-04
-9.253635084293472448e-05
-8.229673089235861171e-05
-7.282855006349956556e-05
-6.410333678892321258e-05
-5.609240011026365080e-05
-4.876683235750446817e-05
-4.209751225140133797e-05
-3.605510845641589227e-05
-3.061008361328427862e-05
-2.573269888463615467e-05
-2.139301905248645278e-05
-1.756091821547418639e-05
-1.420608614859131833e-05
-1.129803541431033170e-05
-8.806109360080549789e-06
-6.699491224896306877e-06
-4.947214749724421403e-06
-3.518177049061044511e-06
-2.381155320888504831e-06
-1.504831015515526207e-06
-8.578308629994190476e-07
-4.088137131291366198e-07
-1.267201020657490385e-07
