-1.652294740209678172e-03
-1.572056809550442802e-03
-1.493881927730332732e-03
-1.417753491491550479e-03
-1.343654809669324324e-03
-1.271569104842891051e-03
-1.201479515348628660e-03
-1.133369097705280888e-03
-1.067220829517481848e-03
-1.003017612929309882e-03
-9.407422787149080862e-04
-8.803775911103668217e-04
-8.219062535048337302e-04
-7.653109151434845953e-04
-7.105741790069284788e-04
-6.576786110856884266e-04
-6.066067513016443636e-04
-5.573411263862932926e-04
-5.098642650996897683e-04
-4.641587162613320891e-04
-4.202070701828420382e-04
-3.779919842441107399e-04
-3.374962135447491128e-04
-2.987026478404790440e-04
-2.615943563150831546e-04
-2.261546422188516698e-04
-1.923671100797874991e-04
-1.602157491075390579e-04
-1.296850377502004699e-04
-1.007600762911269033e-04
-7.342675725579723696e-05
-4.767198778885361994e-05
-2.348398507811242947e-05
-8.526771117387825452e-07
