-1.175863555285089042e-03
-1.100499296133601156e-03
-1.027251567260206982e-03
-9.561055288385190455e-04
-8.870463695881524585e-04
-8.200593206198690229e-04
-7.551296713888909886e-04
-6.922427881251576147e-04
-6.313841352010963288e-04
-5.725392999873038253e-04
-5.156940218782747175e-04
-4.608342263428173453e-04
-4.079460650579442346e-04
-3.570159634709678528e-04
-3.080306775035373114e-04
-2.609773616033120910e-04
-2.158436510232662883e-04
-1.726177621289144118e-04
-1.312886158156497968e-04
-9.184599095516570236e-05
-5.428071742943511640e-05
-1.858492224118758925e-05
