-1.269052730418084854e-03
-1.192709001733478292e-03
-1.118470129034073455e-03
-1.046320837001802825e-03
-9.762458466299591070e-04
-9.082298853689875235e-04
-8.422576988044209144e-04
-7.783140641294067569e-04
-7.163838057253784676e-04
-6.564518132238338207e-04
-5.985030625188687836e-04
-5.425226402966272770e-04
-4.884957727808939953e-04
-4.364078595765767850e-04
-3.862445137091514405e-04
-3.379916092571043449e-04
-2.916353383695569784e-04
-2.471622799895474868e-04
-2.045594833213699505e-04
-1.638145700834747309e-04
-1.249158609904693152e-04
-8.785253392087728958e-05
-5.261482416721821083e-05
-1.919428157712483630e-05
