-1.329387533046708352e-03
-1.252416786390536793e-03
-1.177543681520392500e-03
-1.104752688135507421e-03
-1.034028254339772104e-03
-9.653548148308024142e-04
-8.987168003246648633e-04
-8.340986484314461468e-04
-7.714848162245922705e-04
-7.108597947956499675e-04
-6.522081261603199709e-04
-5.955144229454432123e-04
-5.407633914029957205e-04
-4.879398584076989316e-04
-4.370288032694392500e-04
-3.880153954033761831e-04
-3.408850391735693090e-04
-2.956234276067504219e-04
-2.522166071614257766e-04
-2.106510564261971426e-04
-1.709137825572424447e-04
-1.329924405847972865e-04
-9.687548261841312557e-05
-6.255234674052071570e-05
-3.001369951065804509e-05
