-1.702600652156082903e-03
-1.621866320095407231e-03
-1.543190187900936403e-03
-1.466555521726765551e-03
-1.391945492899863621e-03
-1.319343178978110926e-03
-1.248731565092570063e-03
-1.180093545623266084e-03
-1.113411926255835401e-03
-1.048669426478112277e-03
-9.858486825862994383e-04
-9.249322512806154020e-04
-8.659026139437092304e-04
-8.087421817193729372e-04
-7.534333015238141307e-04
-6.999582631519542025e-04
-6.482993076742948630e-04
-5.984386373632786561e-04
-5.503584274342993585e-04
-5.040408399600059333e-04
-4.594680403958587901e-04
-4.166222172613464562e-04
-3.754856056671425791e-04
-3.360405155563798833e-04
-2.982693657764789704e-04
-2.621547254179046305e-04
-2.276793643103109223e-04
-1.948263151669592567e-04
-1.635789507377348483e-04
-1.339210805454821296e-04
-1.058370735623972726e-04
-7.931201583088924123e-05
-5.433191605825631498e-05
-3.088397853881612060e-05
-8.956972991864192913e-06
