-2.497122796255855145e-03
-2.408933088652231210e-03
-2.322739445698564307e-03
-2.238523896252109929e-03
-2.156268328420282536e-03
-2.075954487549823077e-03
-1.997563974191564166e-03
-1.921078242035177599e-03
-1.846478595821880687e-03
-1.773746189232971830e-03
-1.702862022750114158e-03
-1.633806941498294925e-03
-1.566561633061991018e-03
-1.501106625281260678e-03
-1.437422284027971980e-03
-1.375488810963231478e-03
-1.315286241274712378e-03
-1.256794441400883606e-03
-1.199993106738788274e-03
-1.144861759339224801e-03
-1.091379745592344335e-03
-1.039526233902293619e-03
-9.892802123592087105e-04
-9.406204864048659051e-04
-8.935256764990958311e-04
-8.479742157890239477e-04
-8.039443477834498381e-04
-7.614141240378166642e-04
-7.203614018519405955e-04
-6.807638419871263162e-04
-6.425989064045590235e-04
-6.058438560317143786e-04
-5.704757485628117551e-04
-5.364714362969609691e-04
-5.038075640216033982e-04
-4.724605669486986134e-04
-4.424066687084933155e-04
-4.136218794103245391e-04
-3.860819937775845619e-04
-3.597625893665556290e-04
-3.346390248774052767e-04
-3.106864385661112292e-04
-2.878797467713287476e-04
-2.661936425620887330e-04
-2.456025945220411191e-04
-2.260808456805295686e-04
-2.076024126040082061e-04
-1.901410846609068194e-04
-1.736704234745999596e-04
-1.581637625796058903e-04
-1.435942072959456078e-04
-1.299346348386949386e-04
-1.171576946796794386e-04
-1.052358091785353660e-04
-9.414117450218873254e-05
-8.384576185117021134e-05
-7.432131901288650995e-05
-6.553937226159403835e-05
-5.747122862620506400e-05
-5.008797854656823502e-05
-4.336049894031312872e-05
-3.725945670163141816e-05
-3.175531265432783926e-05
-2.681832598115641868e-05
-2.241855915159416451e-05
-1.852588337009473086e-05
-1.510998456647056183e-05
-1.214036994968559354e-05
-9.586375145922042130e-06
-7.417171940809148730e-06
-5.601776645383787423e-06
-4.109059104382615855e-06
-2.907752365434982577e-06
-1.966463028469535211e-06
-1.253682298225764679e-06
-7.377977736439283404e-07
-3.871060397672387988e-07
-1.698262317308748911e-07
-5.411515771778206457e-08
-7.959144955183539930e-09
