-1.866844262312072986e-03
-1.784511115919492881e-03
-1.704221215660097974e-03
-1.625957455735770659e-03
-1.549702617516106849e-03
-1.475439369146947649e-03
-1.403150265286999543e-03
-1.332817746987727345e-03
-1.264424141740462136e-03
-1.197951663717979716e-03
-1.133382414240636203e-03
-1.070698382498074148e-03
-1.009881446572357669e-03
-9.509133748094450445e-04
-8.937758275922820040e-04
-8.384503595860251512e-04
-7.849184225305906029e-04
-7.331613686769251122e-04
-6.831604549768302299e-04
-6.348968481628761151e-04
-5.883516308790177332e-04
-5.435058090613854951e-04
-5.003403208096474531e-04
-4.588360470456389869e-04
-4.189738243302515756e-04
-3.807344602975168218e-04
-3.440987522844904910e-04
-3.090475098973972110e-04
-2.755615824582747673e-04
-2.436218925616810769e-04
-2.132094773517376305e-04
-1.843055396663958046e-04
-1.568915119394953387e-04
-1.309491368270184885e-04
-1.064605700884193093e-04
-8.340851360006476544e-05
-6.177638996648607717e-05
-4.154857587118267876e-05
-2.271072056866424001e-05
-5.250191653354630082e-06
