-1.520027525565676232e-03
-1.441110508521500303e-03
-1.364269948076870251e-03
-1.289489627434027260e-03
-1.216753263942175946e-03
-1.146044512772768182e-03
-1.077346971215777582e-03
-1.010644183682652417e-03
-9.459196475348572580e-04
-8.831568198664450919e-04
-8.223391253998517999e-04
-7.634499656853114755e-04
-7.064727298264968525e-04
-6.513908070111360405e-04
-5.981876011776544487e-04
-5.468465482294194643e-04
-4.973511362965023393e-04
-4.496849296761201579e-04
-4.038315972332056020e-04
-3.597749462525808906e-04
-3.174989630062924274e-04
-2.769878616641824657e-04
-2.382261436699504675e-04
-2.011986703794393591e-04
-1.658907527088027839e-04
-1.322882628707219800e-04
-1.003777752247642834e-04
-7.014674612018419327e-05
-4.158374694638396121e-05
-1.467877133826331202e-05
