-2.493675339920182164e-03
-2.405516576526726871e-03
-2.319354099314037063e-03
-2.235169940089875695e-03
-2.152945989953849223e-03
-2.072663997285497436e-03
-1.994305565709604631e-03
-1.917852152030612330e-03
-1.843285064146360595e-03
-1.770585458932990002e-03
-1.699734340109061628e-03
-1.630712556076111246e-03
-1.563500797733560418e-03
-1.498079596276097325e-03
-1.434429320968506200e-03
-1.372530176900837355e-03
-1.312362202727530370e-03
-1.253905268389105465e-03
-1.197139072818958387e-03
-1.142043141636747174e-03
-1.088596824834004969e-03
-1.036779294446378563e-03
-9.865695422234771299e-04
-9.379463772936408230e-04
-8.908884238271734968e-04
-8.453741187046230360e-04
-8.013817091874055141e-04
-7.588892506006786678e-04
-7.178746040283375115e-04
-6.783154340262435205e-04
-6.401892063575489880e-04
-6.034731857564167457e-04
-5.681444337225028188e-04
-5.341798063562995177e-04
-5.015559522377830825e-04
-4.702493103572772618e-04
-4.402361081043498986e-04
-4.114923593226799646e-04
-3.839938624401117388e-04
-3.577161986800785217e-04
-3.326347303664881007e-04
-3.087245993296138988e-04
-2.859607254235805055e-04
-2.643178051688952856e-04
-2.437703105270944679e-04
-2.242924878247233925e-04
-2.058583568354475089e-04
-1.884417100371426550e-04
-1.720161120556098957e-04
-1.565548993123112441e-04
-1.420311798902688417e-04
-1.284178336352584263e-04
-1.156875125098508076e-04
-1.038126412175269665e-04
-9.276541811665591907e-05
-8.251781644306465410e-05
-7.304158586190318773e-05
-6.430825437013470535e-05
-5.628913057128861330e-05
-4.895530634584728449e-05
-4.227765994128435443e-05
-3.622685950745873116e-05
-3.077336710465748909e-05
-2.588744321472174402e-05
-2.153915178930144281e-05
-1.769836587608612389e-05
-1.433477387433523134e-05
-1.141788648957726226e-05
-8.917044490227785531e-06
-6.801427430746137332e-06
-5.040063627305865837e-06
-3.601841925287971203e-06
-2.455526365436221400e-06
-1.569776249771159035e-06
-9.131779695921256010e-07
-4.543075971082002679e-07
-1.618967553796122894e-07
-5.549074631021766472e-09
