-2.025390391834010293e-03
-1.941544112590949493e-03
-1.859727804947269685e-03
-1.779924072029199448e-03
-1.702115392090913261e-03
-1.626284117279191543e-03
-1.552412472433115607e-03
-1.480482553931980558e-03
-1.410476328598889986e-03
-1.342375632671322268e-03
-1.276162170850214574e-03
-1.211817515442556925e-03
-1.149323105611990345e-03
-1.088660246758016556e-03
-1.029810110045323909e-03
-9.727537321075553807e-04
-9.174720149547051316e-04
-8.639457261232520984e-04
-8.121554991028301970e-04
-7.620818340922445562e-04
-7.137050991427920914e-04
-6.670055317523617897e-04
-6.219632409949923078e-04
-5.785582102824294486e-04
-5.367703008744644476e-04
-4.965792562828792809e-04
-4.579647077424448313e-04
-4.209061809643651546e-04
-3.853831044392662017e-04
-3.513748196218574723e-04
-3.188605934161144444e-04
-2.878196334946969974e-04
-2.582311071321436932e-04
-2.300741644391702677e-04
-2.033279671565805711e-04
-1.779717245487554326e-04
-1.539847384721255671e-04
-1.313464604532205951e-04
-1.100365647273443976e-04
-9.003504283910564990e-05
-7.132232793398880788e-05
-5.387946083586563301e-05
-3.768831643950309573e-05
-2.273191978393891005e-05
-8.994900267532128404e-06
