-2.449368374432173145e-03
-2.361608302415740303e-03
-2.275847394969719804e-03
-2.192067723212914269e-03
-2.110251218158897685e-03
-2.030379668711120890e-03
-1.952434719628465612e-03
-1.876397869470023023e-03
-1.802250468508665923e-03
-1.729973716621325316e-03
-1.659548661157290647e-03
-1.590956194780402452e-03
-1.524177053287797826e-03
-1.459191813408470227e-03
-1.395980890581134887e-03
-1.334524536711142236e-03
-1.274802837909366467e-03
-1.216795712214602948e-03
-1.160482907303003785e-03
-1.105843998179224189e-03
-1.052858384862847370e-03
-1.001505290059689132e-03
-9.517637568325059555e-04
-9.036126462638557249e-04
-8.570306351205519068e-04
-8.119962135202973049e-04
-7.684876826052302505e-04
-7.264831522254530443e-04
-6.859605386371522406e-04
-6.468975622202779389e-04
-6.092717452222267977e-04
-5.730604095299141228e-04
-5.382406744798922359e-04
-5.047894547106669683e-04
-4.726834580673066884e-04
-4.418991835633588952e-04
-4.124129194113634162e-04
-3.842007411311216029e-04
-3.572385097456377465e-04
-3.315018700776269675e-04
-3.069662491598511593e-04
-2.836068547733933912e-04
-2.613986741308611393e-04
-2.403164727228314411e-04
-2.203347933496706073e-04
-2.014279553626797893e-04
-1.835700541418703821e-04
-1.667349608457888990e-04
-1.508963224705258679e-04
-1.360275622677654592e-04
-1.221018805779346822e-04
-1.090922561525182013e-04
-9.697144805642916139e-05
-8.571199826844409721e-05
-7.528623513562796585e-05
-6.566627788987375498e-05
-5.682404251215077877e-05
-4.873124934504761849e-05
-4.135943302893213764e-05
-3.467995560894798817e-05
-2.866402409708375290e-05
-2.328271449871904177e-05
-1.850700555981077099e-05
-1.430782773617391817e-05
-1.065613714605596367e-05
-7.523032890842278864e-06
-4.879955068483426194e-06
-2.699047066812488154e-06
-9.538965546009401028e-07
