-2.312488932005744412e-03
-2.225972458993804443e-03
-2.141464424409992434e-03
-2.058947038207886715e-03
-1.978402373088836066e-03
-1.899812362580293769e-03
-1.823158799091793673e-03
-1.748423331952745491e-03
-1.675587465428557757e-03
-1.604632556719277382e-03
-1.535539813941698591e-03
-1.468290294095894039e-03
-1.402864901018626657e-03
-1.339244383325551924e-03
-1.277409332343171829e-03
-1.217340180038918368e-03
-1.159017196943604253e-03
-1.102420490078173361e-03
-1.047530000883571720e-03
-9.943255031627724113e-04
-9.427866010343985024e-04
-8.928927269103552073e-04
-8.446231395017656830e-04
-7.979569218592185743e-04
-7.528729794608640018e-04
-7.093500383555979708e-04
-6.673666433743912722e-04
-6.269011564267393125e-04
-5.879317548939516896e-04
-5.504364301421340016e-04
-5.143929861779782727e-04
-4.797790384710106672e-04
-4.465720129772470502e-04
-4.147491453998593714e-04
-3.842874807335785710e-04
-3.551638731465672836e-04
-3.273549862660880285e-04
-3.008372939494160028e-04
-2.755870816403997248e-04
-2.515804484344591626e-04
-2.287933100099730178e-04
-2.072014026219359372e-04
-1.867802884119456090e-04
-1.675053623613301809e-04
-1.493518613156636895e-04
-1.322948756505858722e-04
-1.163093643439044259e-04
-1.013701745017118815e-04
-8.745206679499915371e-05
-7.452974887310673247e-05
-6.257791974763817909e-05
-5.157132959153728130e-05
-4.148486174092035251e-05
-3.229364760410154714e-05
-2.397323201433874007e-05
-1.649981909790353355e-05
-9.850653167035041357e-06
-4.004640584287631636e-06
