-2.408105185320696950e-03
-2.320718091575938932e-03
-2.235332896237614102e-03
-2.151931709423301944e-03
-2.070496501841556387e-03
-1.991009102797596138e-03
-1.913451198177487916e-03
-1.837804328403527636e-03
-1.764049886363349209e-03
-1.692169115320051129e-03
-1.622143106793323686e-03
-1.553952798420243052e-03
-1.487578971793284766e-03
-1.423002250278591072e-03
-1.360203096814067330e-03
-1.299161811687605866e-03
-1.239858530302566115e-03
-1.182273220924594768e-03
-1.126385682418351792e-03
-1.072175541971538476e-03
-1.019622252812204958e-03
-9.687050919202223453e-04
-9.194031577358741190e-04
-8.716953678704108047e-04
-8.255604568209572863e-04
-7.809769736945876978e-04
-7.379232799468657400e-04
-6.963775471372636409e-04
-6.563177547129351707e-04
-6.177216878207393872e-04
-5.805669351595395657e-04
-5.448308868792490220e-04
-5.104907325356943752e-04
-4.775234591121115977e-04
-4.459058491184220261e-04
-4.156144787839218739e-04
-3.866257163538879167e-04
-3.589157205139732612e-04
-3.324604389568610111e-04
-3.072356071188569733e-04
-2.832167471126269525e-04
-2.603791668891028877e-04
-2.386979596671291108e-04
-2.181480036802530009e-04
-1.987039622958223703e-04
-1.803402845786929382e-04
-1.630312063882257149e-04
-1.467507521189942714e-04
-1.314727372288426342e-04
-1.171707717389208878e-04
-1.038182649490791568e-04
-9.138843169414952996e-05
-7.985430058377917856e-05
-6.918872483892700063e-05
-5.936439659076647593e-05
-5.035386589334481591e-05
-4.212956629970820641e-05
-3.466384981541160721e-05
-2.792903564267860730e-05
-2.189747989247872555e-05
-1.654167844764259542e-05
-1.183442474503752950e-05
-7.749063928075510096e-06
-4.259928967781892952e-06
-1.343155695287217244e-06
