-1.154719751014056297e-03
-1.079579639941293098e-03
-1.006558802605307798e-03
-9.356425056263052405e-04
-8.668160523532295698e-04
-8.000647976804111609e-04
-7.353741651236179143e-04
-6.727296665664961751e-04
-6.121169251680272632e-04
-5.535217020332238325e-04
-4.969299273982468595e-04
-4.423277372554570508e-04
-3.897015165929868137e-04
-3.390379507203919928e-04
-2.903240865839717706e-04
-2.435474065157669759e-04
-1.986959176282514141e-04
-1.557582611078784643e-04
-1.147238471337426360e-04
-7.558302324768644790e-05
-3.832728707050334901e-05
-2.949558840023363581e-06
