-2.488725612241306489e-03
-2.400611296817159370e-03
-2.314493586247871361e-03
-2.230354516604506933e-03
-2.148175983310720606e-03
-2.067939739131264849e-03
-1.989627392135493670e-03
-1.913220403633762463e-03
-1.838700086089156607e-03
-1.766047601003850392e-03
-1.695243956783652230e-03
-1.626270006573749764e-03
-1.559106446079029824e-03
-1.493733811356726289e-03
-1.430132476591594723e-03
-1.368282651851432169e-03
-1.308164380822734356e-03
-1.249757538533619820e-03
-1.193041829057478421e-03
-1.137996783206894147e-03
-1.084601756214612338e-03
-1.032835925407119600e-03
-9.826782878705065793e-04
-9.341076581124757496e-04
-8.871026657257100913e-04
-8.416417530498242813e-04
-7.977031728423063066e-04
-7.552649859559848900e-04
-7.143050590318814194e-04
-6.748010622076159497e-04
-6.367304668499919980e-04
-6.000705433128150591e-04
-5.647983587283828639e-04
-5.308907748372841857e-04
-4.983244458619680815e-04
-4.670758164323742445e-04
-4.371211195690536105e-04
-4.084363747328858662e-04
-3.809973859483210975e-04
-3.547797400091715070e-04
-3.297588047773830091e-04
-3.059097275826608286e-04
-2.832074337340961660e-04
-2.616266251561536155e-04
-2.411417791592748608e-04
-2.217271473578705211e-04
-2.033567547494098302e-04
-1.860043989683543965e-04
-1.696436497295880858e-04
-1.542478484770336028e-04
-1.397901082542004323e-04
-1.262433138139026564e-04
-1.135801219855257321e-04
-1.017729623199799694e-04
-9.079403803294143222e-05
-8.061532726857932889e-05
-7.120858470869374833e-05
-6.254534355269453086e-05
-5.459691789870535077e-05
-4.733440555809255228e-05
-4.072869134235894412e-05
-3.475045086851251896e-05
-2.937015494065977434e-05
-2.455807458360679513e-05
-2.028428683260284648e-05
-1.651868143027633148e-05
-1.323096866156237118e-05
-1.039068869871870044e-05
-7.967223089371738975e-06
-5.929809529002888922e-06
-4.247562111937214944e-06
-2.889501609809796366e-06
-1.824606139249259563e-06
-1.021908949479220612e-06
-4.507258308483330643e-07
-8.135501549039802745e-08
