-2.031773175243488296e-03
-1.947866574984052261e-03
-1.865989433904729176e-03
-1.786124344636107024e-03
-1.708253774543568027e-03
-1.632360064464209379e-03
-1.558425427479207849e-03
-1.486431947732121811e-03
-1.416361579297355624e-03
-1.348196145113532158e-03
-1.281917335991239644e-03
-1.217506709710341421e-03
-1.154945690217343019e-03
-1.094215566950214151e-03
-1.035297494301456664e-03
-9.781724912511847222e-04
-9.228214411935133565e-04
-8.692250919938716673e-04
-8.173640563139195677e-04
-7.672188122482158021e-04
-7.187697043318677474e-04
-6.719969449810988052e-04
-6.268806164430861536e-04
-5.834006733509852988e-04
-5.415369459939919222e-04
-5.012691444397672632e-04
-4.625768636753410136e-04
-4.254395899694044425e-04
-3.898367087107205476e-04
-3.557475140363427959e-04
-3.231512206460982720e-04
-2.920269783054714897e-04
-2.623538896799694530e-04
-2.341110323323672068e-04
-2.072774859719801201e-04
-1.818323663959788949e-04
-1.577548680599347186e-04
-1.350243179196095023e-04
-1.136202442043221690e-04
-9.352246530349545787e-05
-7.471120624757324310e-05
-5.716725386277749616e-05
-4.087216747574192425e-05
-2.580857174005892309e-05
-1.196057508550994140e-05
