-2.453386424320993815e-03
-2.365590119883527465e-03
-2.279792716570976270e-03
-2.195976281828854182e-03
-2.114122742937468886e-03
-2.034213885004560081e-03
-1.956231348933611721e-03
-1.880156629361913728e-03
-1.805971072577584966e-03
-1.733655874408647881e-03
-1.663192078088885154e-03
-1.594560572099029032e-03
-1.527742087986229749e-03
-1.462717198160663756e-03
-1.399466313672553461e-03
-1.337969681967148819e-03
-1.278207384624143036e-03
-1.220159335078285605e-03
-1.163805276325812453e-03
-1.109124778617879333e-03
-1.056097237141828942e-03
-1.004701869693983918e-03
-9.549177143460871710e-04
-9.067236271078952473e-04
-8.600982795887791073e-04
-8.150201566626210942e-04
-7.714675541373935963e-04
-7.294185764363920153e-04
-6.888511342922931961e-04
-6.497429424615255161e-04
-6.120715174612970664e-04
-5.758141753375182808e-04
-5.409480294669380841e-04
-5.074499884027522086e-04
-4.752967537692118129e-04
-4.444648182124920008e-04
-4.149304634183983683e-04
-3.866697582048016983e-04
-3.596585566995484434e-04
-3.338724966150347171e-04
-3.092869976316026874e-04
-2.858772599048816070e-04
-2.636182627105192688e-04
-2.424847632452463333e-04
-2.224512956028555904e-04
-2.034921699477599351e-04
-1.855814719106326524e-04
-1.686930622369828530e-04
-1.528005767221070560e-04
-1.378774264743119825e-04
-1.238967985564574448e-04
-1.108316570664594252e-04
-9.865474473459724116e-05
-8.733858513435893082e-05
-7.685548563492042903e-05
-6.717754126413157546e-05
-5.827663971039899466e-05
-5.012446778262948896e-05
-4.269251977974771644e-05
-3.595210842912995692e-05
-2.987437938281880617e-05
-2.443033079927955150e-05
-1.959084045470900227e-05
-1.532670444868647211e-05
-1.160869458279435635e-05
-8.407647438814443467e-06
-5.694610825815448211e-06
-3.441102823404587980e-06
-1.619617197572923705e-06
-2.047601639842993190e-07
