-2.182667832538695216e-03
-2.097348071944269733e-03
-2.014046116107723067e-03
-1.932744333912565261e-03
-1.853424961346700813e-03
-1.776070099784083593e-03
-1.700661714265389035e-03
-1.627181631771329158e-03
-1.555611539502682258e-03
-1.485932983158782606e-03
-1.418127365228398669e-03
-1.352175943292720358e-03
-1.288059828347128772e-03
-1.225759983146720595e-03
-1.165257220586342650e-03
-1.106532202119334422e-03
-1.049565436226460253e-03
-9.943372769455416718e-04
-9.408279224747737425e-04
-8.890174138655499879e-04
-8.388856338185281952e-04
-7.904123056062604524e-04
-7.435769921457647657e-04
-6.983590952449567372e-04
-6.547378550599990046e-04
-6.126923497995363094e-04
-5.722014957194711607e-04
-5.332440474678404145e-04
-4.957985988410320861e-04
-4.598435840307250758e-04
-4.253572794604356549e-04
-3.923178063259265920e-04
-3.607031339842971056e-04
-3.304910843730518707e-04
-3.016593376796503209e-04
-2.741854395447269280e-04
-2.480468101574720636e-04
-2.232207557016712644e-04
-1.996844827503819271e-04
-1.774151163916877320e-04
-1.563897231290654129e-04
-1.365853399611806742e-04
-1.179790115682941774e-04
-1.005478382920021915e-04
-8.426903872606186980e-05
-6.912003247093875477e-05
-5.507855132602384616e-05
-4.212279161584696422e-05
-3.023162780472398109e-05
-1.938492069653364368e-05
-9.563977959345760989e-06
-7.522732321059628392e-07
