-2.357671174677510289e-03
-2.270742184355832322e-03
-2.185818505625896149e-03
-2.102882299560252834e-03
-2.021915588861906716e-03
-1.942900255896463750e-03
-1.865818040710556010e-03
-1.790650539017865465e-03
-1.717379200169519412e-03
-1.645985325095920652e-03
-1.576450064233053412e-03
-1.508754415423482461e-03
-1.442879221805090130e-03
-1.378805169676335140e-03
-1.316512786350256545e-03
-1.255982437993639076e-03
-1.197194327454649499e-03
-1.140128492082437316e-03
-1.084764801540242163e-03
-1.031082955615259672e-03
-9.790624820300946034e-04
-9.286827342587475635e-04
-8.799228893532309208e-04
-8.327619457815988759e-04
-7.871787212903062683e-04
-7.431518507909321176e-04
-7.006597842838351020e-04
-6.596807848230382089e-04
-6.201929265371464725e-04
-5.821740927125767379e-04
-5.456019739553918642e-04
-5.104540664473427745e-04
-4.767076703103523510e-04
-4.443398881033366150e-04
-4.133276234732957319e-04
-3.836475799898529464e-04
-3.552762601973385743e-04
-3.281899649229770219e-04
-3.023647928912060953e-04
-2.777766407023559477e-04
-2.544012032474968145e-04
-2.322139746487599681e-04
-2.111902498347318843e-04
-1.913051268925341445e-04
-1.725335103719452502e-04
-1.548501157722031269e-04
-1.382294755082757879e-04
-1.226459467532055390e-04
-1.080737216824111986e-04
-9.448684084315923601e-05
-8.185921064516328940e-05
-7.016462638292404611e-05
-5.937680282275705336e-05
-4.946941535695912381e-05
-4.041615628286912679e-05
-3.219081334004920909e-05
-2.476738208623594680e-05
-1.812023173980343934e-05
-1.222435954008600221e-05
-7.055800417694323483e-06
-2.592330297296949255e-06
