-1.397952702518709270e-03
-1.320275976684540196e-03
-1.244689001988724284e-03
-1.171175981580609973e-03
-1.099721079116547633e-03
-1.030308425063620331e-03
-9.629221239700316761e-04
-8.975462628665517020e-04
-8.341649209812405756e-04
-7.727621809932577876e-04
-7.133221420887480603e-04
-6.558289351484186723e-04
-6.002667404586642342e-04
-5.466198084307201865e-04
-4.948724839300733562e-04
-4.450092349562924940e-04
-3.970146866107665106e-04
-3.508736615357834279e-04
-3.065712283357775888e-04
-2.640927599370829389e-04
-2.234240044399231004e-04
-1.845511718444068977e-04
-1.474610411922645142e-04
-1.121410943149077268e-04
-7.857968478637160402e-05
-4.676625424617675720e-05
-1.669161370628735757e-05
