-1.289324197001359999e-03
-1.212769186756165263e-03
-1.138316579473857030e-03
-1.065951011924945718e-03
-9.956571109347661999e-04
-9.274195028345300551e-04
-8.612228243450459212e-04
-7.970517351272252702e-04
-7.348909322907350421e-04
-6.747251672116942947e-04
-6.165392650785977849e-04
-5.603181476943547637e-04
-5.060468601694308134e-04
-4.537106023097181237e-04
-4.032947656972360895e-04
-3.547849777300548200e-04
-3.081671542391744168e-04
-2.634275627641056040e-04
-2.205528992130907867e-04
-1.795303815092650539e-04
-1.403478650423463782e-04
-1.029939865042806164e-04
-6.745834521351387928e-05
-3.373173479397230363e-05
-1.806443802278143222e-06
