-2.038113227542003719e-03
-1.954146754688319138e-03
-1.872209233642782317e-03
-1.792283246697917503e-03
-1.714351250495493081e-03
-1.638395574740194411e-03
-1.564398420943081437e-03
-1.492341861208245669e-03
-1.422207837072628211e-03
-1.353978158400768019e-03
-1.287634502350713502e-03
-1.223158412430508813e-03
-1.160531297643035888e-03
-1.099734431757819165e-03
-1.040748952709433890e-03
-9.835558621637211646e-04
-9.281360252645308971e-04
-8.744701706034302760e-04
-8.225388904431828836e-04
-7.723226412422131738e-04
-7.238017445313047089e-04
-6.769563882040574836e-04
-6.317666282956912668e-04
-5.882123913393381715e-04
-5.462734774044904033e-04
-5.059295639496672525e-04
-4.671602106463444357e-04
-4.299448653667061111e-04
-3.942628715779217469e-04
-3.600934774376745966e-04
-3.274158469677164018e-04
-2.962090737804213571e-04
-2.664521979606794002e-04
-2.381242268879931335e-04
-2.112041610204410595e-04
-1.856710259882451573e-04
-1.615039128072351686e-04
-1.386820286693079196e-04
-1.171847617127415688e-04
-9.699176455989515135e-05
-7.808306351634380026e-05
-6.043920358581543733e-05
-4.404144468992917446e-05
-2.887203316057016994e-05
-1.491458761166856687e-05
-2.154665667728172164e-06
