-2.256451263621126260e-03
-2.170449248530579005e-03
-2.086459643749149183e-03
-2.004464724341956279e-03
-1.924446629782020600e-03
-1.846387362099520188e-03
-1.770268784016445704e-03
-1.696072617064980134e-03
-1.623780439694830473e-03
-1.553373685365003719e-03
-1.484833640634140211e-03
-1.418141443239099003e-03
-1.353278080171894156e-03
-1.290224385759412666e-03
-1.228961039745164610e-03
-1.169468565379599371e-03
-1.111727327527546171e-03
-1.055717530792245947e-03
-1.001419217668535026e-03
-9.488122667294345957e-04
-8.978763908567480431e-04
-8.485911355263064254e-04
-8.009358771585649815e-04
-7.548898215489134415e-04
-7.104320023960282449e-04
-6.675412799426574994e-04
-6.261963397564946189e-04
-5.863756916724957363e-04
-5.480576689312365891e-04
-5.112204275470904518e-04
-4.758419459510323081e-04
-4.419000249616329202e-04
-4.093722881455090501e-04
-3.782361826444406976e-04
-3.484689805644046283e-04
-3.200477810409059487e-04
-2.929495131222048044e-04
-2.671509396531437756e-04
-2.426286623828242310e-04
-2.193591285843447759e-04
-1.973186395568547248e-04
-1.764833614939827623e-04
-1.568293393493661112e-04
-1.383325145503381723e-04
-1.209687477046339640e-04
-1.047138478810338412e-04
-8.954361067493804636e-05
-7.543386822235392309e-05
-6.236055578657883442e-05
-5.029980185684038786e-05
-3.922805248638006065e-05
-2.912224704004069654e-05
-1.996007399812811927e-05
-1.172035704872619829e-05
-4.383665167448846586e-06
