-2.475205053076137522e-03
-2.387212267767611570e-03
-2.301216961472900453e-03
-2.217201182071818367e-03
-2.135146836970526832e-03
-2.055035691091292895e-03
-1.976849364836777683e-03
-1.900569332024804742e-03
-1.826176917805087240e-03
-1.753653296540914636e-03
-1.682979489676080962e-03
-1.614136363571738644e-03
-1.547104627323382144e-03
-1.481864830554901168e-03
-1.418397361192031423e-03
-1.356682443217493202e-03
-1.296700134405511049e-03
-1.238430324040944901e-03
-1.181852730623494593e-03
-1.126946899558683600e-03
-1.073692200835536358e-03
-1.022067826698160433e-03
-9.720527893075248810e-04
-9.236259184012291651e-04
-8.767658589522843524e-04
-8.314510688271957656e-04
-7.876598164520734989e-04
-7.453701784865139537e-04
-7.045600375103442401e-04
-6.652070797284918369e-04
-6.272887926969882792e-04
-5.907824630763826692e-04
-5.556651744188026432e-04
-5.219138049912812501e-04
-4.895050256462647308e-04
-4.584152977428979309e-04
-4.286208711269016243e-04
-4.000977821785633754e-04
-3.728218519355765690e-04
-3.467686843005948240e-04
-3.219136643441825366e-04
-2.982319567118640121e-04
-2.756985041486167899e-04
-2.542880261515944283e-04
-2.339750177650300157e-04
-2.147337485317788158e-04
-1.965382616164986819e-04
-1.793623731170041391e-04
-1.631796715839514862e-04
-1.479635177665563879e-04
-1.336870446092939971e-04
-1.203231575235557836e-04
-1.078445349631471919e-04
-9.622362933726561320e-05
-8.543266829945999285e-05
-7.544365645948460661e-05
-6.622837757537275872e-05
-5.775839729835446478e-05
-5.000506656430084437e-05
-4.293952575705867441e-05
-3.653270981685908039e-05
-3.075535453933608051e-05
-2.557800442688862259e-05
-2.097102264220989076e-05
-1.690460393182842180e-05
-1.334879194482148177e-05
-1.027350339329160963e-05
-7.648563478603283755e-06
-5.443761093312644603e-06
-3.628941480532192294e-06
-2.174176963097107085e-06
-1.050122874204195376e-06
-2.289073832604808020e-07
