-1.600499007656341075e-03
-1.520775587953709408e-03
-1.443120350776375821e-03
-1.367516836438126705e-03
-1.293948505271804057e-03
-1.222398739990208406e-03
-1.152850848493379259e-03
-1.085288067189314233e-03
-1.019693564912199819e-03
-9.560504475248377812e-04
-8.943417633190727661e-04
-8.345505093451544704e-04
-7.766596388235313649e-04
-7.206520698282281720e-04
-6.665106954667320959e-04
-6.142183958299808058e-04
-5.637580520459150278e-04
-5.151125628469843763e-04
-4.682648641597714385e-04
-4.231979523461726193e-04
-3.798949118952322092e-04
-3.383389485704171862e-04
-2.985134293073673042e-04
-2.604019305297060804e-04
-2.239882970784159554e-04
-1.892567146564496923e-04
-1.561917997020065155e-04
-1.247787120379413887e-04
-9.500329773844422201e-05
-6.685227277871636582e-05
-4.031346281421362122e-05
-1.537612195312638617e-05
