-2.228108516609979967e-03
-2.142367915966603836e-03
-2.058641775245581649e-03
-1.976912404428538775e-03
-1.897161978868062201e-03
-1.819372537485220917e-03
-1.743525980950034852e-03
-1.669604069855188137e-03
-1.597588422879934675e-03
-1.527460514947571795e-03
-1.459201675380192558e-03
-1.392793086054786586e-03
-1.328215779563262679e-03
-1.265450637378549023e-03
-1.204478388039380288e-03
-1.145279605347096150e-03
-1.087834706596077852e-03
-1.032123950831374164e-03
-9.781274371515134153e-04
-9.258251030620375487e-04
-8.751967228942748910e-04
-8.262219062995148494e-04
-7.788800968364901307e-04
-7.331505706706034501e-04
-6.890124354040917101e-04
-6.464446290659536581e-04
-6.054259192851065181e-04
-5.659349026884850833e-04
-5.279500045616922904e-04
-4.914494788208879179e-04
-4.564114083607725969e-04
-4.228137058434421449e-04
-3.906341150232252660e-04
-3.598502127087990256e-04
-3.304394114996712234e-04
-3.023789634579063484e-04
-2.756459649225404505e-04
-2.502173627269617005e-04
-2.260699621517076648e-04
-2.031804370369073582e-04
-1.815253426152258842e-04
-1.610811317983970505e-04
-1.418241758985830554e-04
-1.237307911178574856e-04
-1.067772726403610367e-04
-9.093993890556785410e-05
-7.619518975389866786e-05
-6.251958385580771093e-05
-4.988994356890005246e-05
-3.828349985507806372e-05
-2.767809756656176498e-05
-1.805249515927557399e-05
-9.386818957344294869e-06
-1.663285091656036805e-06
