-2.324374425469244183e-03
-2.237749241160267785e-03
-2.153131666298432629e-03
-2.070503897674389263e-03
-1.989847994513302323e-03
-1.911145876541017231e-03
-1.834379322028666017e-03
-1.759529965815007091e-03
-1.686579297307784844e-03
-1.615508658467689970e-03
-1.546299241771549289e-03
-1.478932088160186693e-03
-1.413388084972406296e-03
-1.349647963863386717e-03
-1.287692298713864845e-03
-1.227501503531675323e-03
-1.169055830346505754e-03
-1.112335367102590183e-03
-1.057320035555541632e-03
-1.003989589171258275e-03
-9.523236110375397218e-04
-9.023015117926695434e-04
-8.539025275756446541e-04
-8.071057180046444738e-04
-7.618899641957277858e-04
-7.182339668272687229e-04
-6.761162442630477658e-04
-6.355151307457348932e-04
-5.964087746752625091e-04
-5.587751369899462582e-04
-5.225919896682027334e-04
-4.878369143753325129e-04
-4.544873012821954816e-04
-4.225203480887624718e-04
-3.919130592882146642e-04
-3.626422457227112097e-04
-3.346845244807733965e-04
-3.080163192089586228e-04
-2.826138609177773612e-04
-2.584531893870675116e-04
-2.355101552964652218e-04
-2.137604232448207960e-04
-1.931794758622534390e-04
-1.737426192792205463e-04
-1.554249902967578807e-04
-1.382015657074986545e-04
-1.220471743743010420e-04
-1.069365128812295457e-04
-9.284416588646756101e-05
-7.974463275614289306e-05
-6.761236274278924555e-05
-5.642180202227611396e-05
-4.614745756884825281e-05
-3.676398557869188771e-05
-2.824631679815720617e-05
-2.056983939153615940e-05
-1.371067555009472148e-05
-7.646119355628239634e-06
-2.355371950043573526e-06
