-1.464538838663003448e-03
-1.386183002446605018e-03
-1.309909550608359414e-03
-1.235702449077431906e-03
-1.163545609111137167e-03
-1.093422892062090573e-03
-1.025318114902825208e-03
-9.592150566344339289e-04
-8.950974657141328112e-04
-8.329490686720987525e-04
-7.727535801237753448e-04
-7.144947144064857716e-04
-6.581561991494316649e-04
-6.037217911172283562e-04
-5.511752947768664302e-04
-5.005005841140752190e-04
-4.516816283745043949e-04
-4.047025225625666797e-04
-3.595475237588388086e-04
-3.162010946009372763e-04
-2.746479556698581785e-04
-2.348731490463688062e-04
-1.968621160319492533e-04
-1.606007930389636001e-04
-1.260757310907904339e-04
-9.327424646037329764e-05
-6.218461304409315027e-05
-3.279631174205703006e-05
-5.100359374978391370e-06
