-2.283229372220135257e-03
-2.196981124372545009e-03
-2.112743375662142278e-03
-2.030498369401850627e-03
-1.950228212481644290e-03
-1.871914873478082962e-03
-1.795540180750571611e-03
-1.721085820514458263e-03
-1.648533334903342891e-03
-1.577864120011350253e-03
-1.509059423926604636e-03
-1.442100344750103878e-03
-1.376967828610469076e-03
-1.313642667667496442e-03
-1.252105498117496137e-03
-1.192336798199604506e-03
-1.134316886202987092e-03
-1.078025918487945023e-03
-1.023443887521727734e-03
-9.705506199335807438e-04
-9.193257745998095580e-04
-8.697488407642686931e-04
-8.217991362065584122e-04
-7.754558054642473643e-04
-7.306978181255933003e-04
-6.875039672052911258e-04
-6.458528676205929197e-04
-6.057229547874967311e-04
-5.670924833589672696e-04
-5.299395261339400138e-04
-4.942419731690590907e-04
-4.599775311296231696e-04
-4.271237229280360208e-04
-3.956578877029257035e-04
-3.655571812076834309e-04
-3.367985766863267538e-04
-3.093588663423132382e-04
-2.832146635182385651e-04
-2.583424057451277640e-04
-2.347183588547987663e-04
-2.123186224024279593e-04
-1.911191367187294477e-04
-1.710956920040553096e-04
-1.522239400098238007e-04
-1.344794090308017262e-04
-1.178375231893229506e-04
-1.022736273573336728e-04
-8.776301960089515942e-05
-7.428099383239632973e-05
-6.180289658982406076e-05
-5.030420380721333223e-05
-3.976062660855972283e-05
-3.014826052540353719e-05
-2.144380203573185623e-05
-1.362487405749310786e-05
-6.670537401450314435e-06
-5.621418226653163964e-07
