-2.495133846626602665e-03
-2.406961990388156898e-03
-2.320786326565649552e-03
-2.236588885716146117e-03
-2.154351557671536650e-03
-2.074056089527368061e-03
-1.995684083604393547e-03
-1.919216995387703316e-03
-1.844636131437007304e-03
-1.771922647273786212e-03
-1.701057545245569791e-03
-1.632021672363711141e-03
-1.564795718122627237e-03
-1.499360212294510242e-03
-1.435695522705054874e-03
-1.373781852989927523e-03
-1.313599240333094068e-03
-1.255127553189690432e-03
-1.198346488992127912e-03
-1.143235571845903136e-03
-1.089774150213802069e-03
-1.037941394589432867e-03
-9.877162951690190290e-04
-9.390776595148291094e-04
-8.920041102210803704e-04
-8.464740825817531223e-04
-8.024658222632002728e-04
-7.599573829879099560e-04
-7.189266242300607025e-04
-6.793512089309015727e-04
-6.412086012351208165e-04
-6.044760642555243538e-04
-5.691306578702506197e-04
-5.351492365588362762e-04
-5.025084472830660884e-04
-4.711847274201623340e-04
-4.411543027527998519e-04
-4.123931855271252317e-04
-3.848771725845747185e-04
-3.585818435761506796e-04
-3.334825592692828656e-04
-3.095544599566269015e-04
-2.867724639772927550e-04
-2.651112663602422969e-04
-2.445453376036561691e-04
-2.250489226010616195e-04
-2.065960397266948870e-04
-1.891604800950997005e-04
-1.727158070085522848e-04
-1.572353556069215760e-04
-1.426922327361325124e-04
-1.290593170515933385e-04
-1.163092593739792992e-04
-1.044144833139401730e-04
-9.334718618618990493e-05
-8.307934023042428697e-05
-7.358269415994823297e-05
-6.482877505824625791e-05
-5.678889064441535503e-05
-4.943413192967671834e-05
-4.273537628697233510e-05
-3.666329095704016317e-05
-3.118833701439538804e-05
-2.628077381857942698e-05
-2.191066397616508069e-05
-1.804787884194058206e-05
-1.466210459038818896e-05
-1.172284889418654157e-05
-9.199448256486304583e-06
-7.061076062084693790e-06
-5.276751449061782994e-06
-3.815349177140624100e-06
-2.645610833001828256e-06
-1.736158102741683066e-06
-1.055509868223478742e-06
-5.721079943869056796e-07
-2.543681836485130352e-07
-7.083146390864999451e-08
