-1.829415812603223460e-03
-1.747444133336754739e-03
-1.667518994976728824e-03
-1.589623369679209197e-03
-1.513740120315094657e-03
-1.439852000354599959e-03
-1.367941653899745020e-03
-1.297991615897393708e-03
-1.229984312560585208e-03
-1.163902062022557958e-03
-1.099727075267687045e-03
-1.037441457377565783e-03
-9.770272091422717471e-04
-9.184662291014502114e-04
-8.617403160723444578e-04
-8.068311722621427425e-04
-7.537204070490373126e-04
-7.023895415547445030e-04
-6.528200141499789595e-04
-6.049931870557255769e-04
-5.588903542508865839e-04
-5.144927509354994041e-04
-4.717815648546757300e-04
-4.307379498702505359e-04
-3.913430422511685438e-04
-3.535779802863926887e-04
-3.174239279766994434e-04
-2.828621037865227143e-04
-2.498738157154072872e-04
-2.184405043494541568e-04
-1.885437960928048240e-04
-1.601655695449075286e-04
-1.332880390781270344e-04
-1.078938612663462649e-04
-8.396627218525545627e-05
-6.148926724017060585e-05
-4.044784089164992527e-05
-2.082831294938250439e-05
-2.618783843822408607e-06
