-2.155909293676861599e-03
-2.070838358785359688e-03
-1.987787232976075472e-03
-1.906738321567649514e-03
-1.827673898115621948e-03
-1.750576102758079605e-03
-1.675426940559776156e-03
-1.602208279861756096e-03
-1.530901850636728467e-03
-1.461489242856818267e-03
-1.393951904879416667e-03
-1.328271141852206639e-03
-1.264428114151787581e-03
-1.202403835856266905e-03
-1.142179173264534124e-03
-1.083734843472035966e-03
-1.027051413013780907e-03
-9.721092965871206120e-04
-9.188887558737605845e-04
-8.673698984759503194e-04
-8.175326769889611385e-04
-7.693568882357573096e-04
-7.228221726912724410e-04
-6.779080141355737490e-04
-6.345937395689060356e-04
-5.928585194465676089e-04
-5.526813682845221985e-04
-5.140411457099735128e-04
-4.769165580407220563e-04
-4.412861604928804225e-04
-4.071283601474655432e-04
-3.744214198254551605e-04
-3.431434630651614831e-04
-3.132724804400159688e-04
-2.847863375146559607e-04
-2.576627848262563660e-04
-2.318794703751082690e-04
-2.074139552622740554e-04
-1.842437333069894085e-04
-1.623462557488131392e-04
-1.416989625253272343e-04
-1.222793221645201176e-04
-1.040648831300139540e-04
-8.703334064676199688e-05
-7.116262485023547139e-05
-5.643101894982428313e-05
-4.281732070582124083e-05
-3.030106827289744028e-05
-1.886286507868730711e-05
-8.484863621462279166e-06
