-1.881520675921749368e-03
-1.799046243663324652e-03
-1.718613782980817680e-03
-1.640206158527747742e-03
-1.563806120814145630e-03
-1.489396305715948252e-03
-1.416959234104972140e-03
-1.346477311607033583e-03
-1.277932828515329546e-03
-1.211307959885116279e-03
-1.146584765829764593e-03
-1.083745192057292486e-03
-1.022771070682981830e-03
-9.636441213611822171e-04
-9.063459527903349345e-04
-8.508580646497863019e-04
-7.971618500430710953e-04
-7.452385985308378029e-04
-6.950694998600496013e-04
-6.466356485068011075e-04
-5.999180491857347610e-04
-5.548976235040846763e-04
-5.115552179789870915e-04
-4.698716136888390188e-04
-4.298275378900416740e-04
-3.914036780161551216e-04
-3.545806985777477422e-04
-3.193392616268120928e-04
-2.856600516253200934e-04
-2.535238058146793249e-04
-2.229113515074446867e-04
-1.938036521944851457e-04
-1.661818649976059864e-04
-1.400274129238394147e-04
-1.153220767057349354e-04
-9.204811299115656206e-05
-7.018840864707540637e-05
-4.972668562702859914e-05
-3.064777841388567652e-05
-1.293801868521420909e-05
