-2.203296678990519179e-03
-2.117785603188667050e-03
-2.034290804596361121e-03
-1.952794624902036685e-03
-1.873279272083249423e-03
-1.795726818645374673e-03
-1.720119199855494555e-03
-1.646438211968885221e-03
-1.574665510450016723e-03
-1.504782608195835356e-03
-1.436770873758625106e-03
-1.370611529578619333e-03
-1.306285650227335862e-03
-1.243774160667057357e-03
-1.183057834534275614e-03
-1.124117292452173804e-03
-1.066933000383336319e-03
-1.011485268025789398e-03
-9.577542472716357898e-04
-9.057199307340622289e-04
-8.553621503574590414e-04
-8.066605761331597938e-04
-7.595947149333058535e-04
-7.141439094887314879e-04
-6.702873375407949986e-04
-6.280040111912360210e-04
-5.872727764969943188e-04
-5.480723133461980895e-04
-5.103811356739656243e-04
-4.741775920810458096e-04
-4.394398669311304177e-04
-4.061459820251443168e-04
-3.742737989625356701e-04
-3.438010223380980296e-04
-3.147052039461444538e-04
-2.869637482166645121e-04
-2.605539191613295792e-04
-2.354528491871333532e-04
-2.116375502351199251e-04
-1.890849278423952081e-04
-1.677717989145647019e-04
-1.476749142584719713e-04
-1.287709872994536198e-04
-1.110367309410928210e-04
-9.444890531366925994e-05
-7.898438033543346407e-05
-6.462021883020324046e-05
-5.133378882107955980e-05
-3.910291834256996368e-05
-2.790611415357423787e-05
-1.772288009568404483e-05
-8.534197950602344547e-06
-3.232885031509453485e-07
