-1.903218614296699369e-03
-1.820535764119249073e-03
-1.739893018799878923e-03
-1.661273200329548526e-03
-1.584659014693274789e-03
-1.510033051247699695e-03
-1.437377782194598904e-03
-1.366675562175225780e-03
-1.297908627996420235e-03
-1.231059098518153981e-03
-1.166108974717107276e-03
-1.103040139964028225e-03
-1.041834360544308764e-03
-9.824732864599466757e-04
-9.249384525626594801e-04
-8.692112800673418727e-04
-8.152730785121035419e-04
-7.631050482391761418e-04
-7.126882834893695159e-04
-6.640037762117442181e-04
-6.170324207229865030e-04
-5.717550193716296972e-04
-5.281522893928027387e-04
-4.862048711922841750e-04
-4.458933383413129690e-04
-4.071982096390084098e-04
-3.700999636871507310e-04
-3.345790565361885958e-04
-3.006159431161151054e-04
-2.681911033673700369e-04
-2.372850742627175056e-04
-2.078784892829922595e-04
-1.799521274328721846e-04
-1.534869746097309326e-04
-1.284643011930098049e-04
-1.048657612597250093e-04
-8.267352113428368858e-05
-6.187042853154552395e-05
-4.244023916033352558e-05
-2.436792685693591644e-05
-7.640119000518574128e-06
