-2.473791375709146444e-03
-2.385811307220744772e-03
-2.299828809458397735e-03
-2.215825931550277281e-03
-2.133784582170036252e-03
-2.053686527527022812e-03
-1.975513389328137359e-03
-1.899246642717726963e-03
-1.824867614189359943e-03
-1.752357479470599902e-03
-1.681697261388711249e-03
-1.612867827708230981e-03
-1.545849888947482213e-03
-1.480623996173122429e-03
-1.417170538773438989e-03
-1.355469742213180877e-03
-1.295501665768378479e-03
-1.237246200245917726e-03
-1.180683065687091696e-03
-1.125791809057375466e-03
-1.072551801926823270e-03
-1.020942238138573908e-03
-9.709421314730234693e-04
-9.225303133062875624e-04
-8.756854302676309477e-04
-8.303859419002356489e-04
-7.866101183247396333e-04
-7.443360379140465327e-04
-7.035415849801757550e-04
-6.642044474782066686e-04
-6.263021147332770459e-04
-5.898118751931677017e-04
-5.547108142159629151e-04
-5.209758118936395769e-04
-4.885835409226816544e-04
-4.575104645259730823e-04
-4.277328344335132294e-04
-3.992266889314142250e-04
-3.719678509860730158e-04
-3.459319264538678919e-04
-3.210943023859825314e-04
-2.974301454387824400e-04
-2.749144004019960820e-04
-2.535217888564513943e-04
-2.332268079749578603e-04
-2.140037294817234443e-04
-1.958265987849006691e-04
-1.786692343002482363e-04
-1.625052269858437664e-04
-1.473079401070176550e-04
-1.330505092568990560e-04
-1.197058426578778082e-04
-1.072466217758354182e-04
-9.564530228137733438e-05
-8.487411540076130834e-05
-7.490506970784976460e-05
-6.570995341982602982e-05
-5.726033727781597061e-05
-4.952757811794827040e-05
-4.248282327548535232e-05
-3.609701601996661359e-05
-3.034090230585020562e-05
-2.518503925911320644e-05
-2.059980604496162890e-05
-1.655541814138379188e-05
-1.302194671424268473e-05
-9.969346029714681924e-06
-7.367494264875376073e-06
-5.186258155224008601e-06
-3.395603514914595240e-06
-1.965803356444841148e-06
-8.678845304288312692e-07
-7.479715301062178371e-08
