-2.491112019476871692e-03
-2.402976271534690376e-03
-2.316836974715691475e-03
-2.232676163031828333e-03
-2.150475729817027774e-03
-2.070217425718090618e-03
-1.991882856656712088e-03
-1.915453481765615369e-03
-1.840910611301304570e-03
-1.768235404531680235e-03
-1.697408867595176334e-03
-1.628411851344517634e-03
-1.561225049161343251e-03
-1.495828994751641780e-03
-1.432204059920479458e-03
-1.370330452327913739e-03
-1.310188213226680344e-03
-1.251757215182658410e-03
-1.195017159782129626e-03
-1.139947575324082741e-03
-1.086527814503144727e-03
-1.034737052084128877e-03
-9.845542825681792565e-04
-9.359583178564004607e-04
-8.889277849134795580e-04
-8.434411234320732687e-04
-7.994765835040402524e-04
-7.570122232999978995e-04
-7.160259067634613169e-04
-6.764953013211436484e-04
-6.383978756167817386e-04
-6.017108972717758516e-04
-5.664114306778522765e-04
-5.324763348293079859e-04
-4.998822611990684462e-04
-4.686056516663138780e-04
-4.386227365016955710e-04
-4.099095324204522035e-04
-3.824418407069708563e-04
-3.561952454245844780e-04
-3.311451117153138947e-04
-3.072665842024693275e-04
-2.845345855049530304e-04
-2.629238148749411547e-04
-2.424087469696858401e-04
-2.229636307716634843e-04
-2.045624886675724552e-04
-1.871791157023938918e-04
-1.707870790211039945e-04
-1.553597175151295200e-04
-1.408701416875929714e-04
-1.272912337562420628e-04
-1.145956480102715237e-04
-1.027558114408999611e-04
-9.174392466435233500e-05
-8.153196315892950014e-05
-7.209167883715323570e-05
-6.339460197689883989e-05
-5.541204353617878265e-05
-4.811509787873653797e-05
-4.147464594019043791e-05
-3.546135886855702763e-05
-3.004570217857683391e-05
-2.519794046783489848e-05
-2.088814275611686476e-05
-1.708618853123295523e-05
-1.376177462135030683e-05
-1.088442307783817562e-05
-8.423490369191599712e-06
-6.348178408551518478e-06
-4.627548385331774150e-06
-3.230539337323804707e-06
-2.125995671662182114e-06
-1.282713807503482758e-06
-6.695363617046092078e-07
-2.555924986532235337e-07
-1.119361902020931458e-08
