-2.466061123242842008e-03
-2.378150626013010409e-03
-2.292238202058253203e-03
-2.208305907380261456e-03
-2.126335657632787667e-03
-2.046309226111943467e-03
-1.968208241721053700e-03
-1.892014186907275703e-03
-1.817708395577354204e-03
-1.745272050983005981e-03
-1.674686183585838038e-03
-1.605931668896700294e-03
-1.538989225292533699e-03
-1.473839411810310904e-03
-1.410462625923158703e-03
-1.348839101292841633e-03
-1.288948905507297012e-03
-1.230771937798010767e-03
-1.174287926746418959e-03
-1.119476427972101876e-03
-1.066316821813665392e-03
-1.014788310997776118e-03
-9.648699183027326098e-04
-9.165404842179458809e-04
-8.697786646008936117e-04
-8.245629283388250129e-04
-7.808715550122424754e-04
-7.386826325707061564e-04
-6.979740550198217834e-04
-6.587235201271790129e-04
-6.209085271509670687e-04
-5.845063745947630222e-04
-5.494941579977680613e-04
-5.158487677627599010e-04
-4.835468870310267639e-04
-4.525649896113824499e-04
-4.228793379684177116e-04
-3.944659812815543704e-04
-3.673007535823452716e-04
-3.413592719794558933e-04
-3.166169349836536837e-04
-2.930489209427355004e-04
-2.706301865996756009e-04
-2.493354657882867358e-04
-2.291392682806832890e-04
-2.100158788040951694e-04
-1.919393562446500647e-04
-1.748835330603810186e-04
-1.588220149247755047e-04
-1.437281806296602669e-04
-1.295751822769343963e-04
-1.163359457958791047e-04
-1.039831718288897503e-04
-9.248933703810586777e-05
-8.182669589799061206e-05
-7.196728305533203231e-05
-6.288291636441449670e-05
-5.454520073809839210e-05
-4.692553300879514984e-05
-3.999510807031566884e-05
-3.372492669078525594e-05
-2.808580557620979354e-05
-2.304839057123057682e-05
-1.858317440227471090e-05
-1.466052127653549864e-05
-1.125070231791410563e-05
-8.323949057260639252e-06
-5.850538917472456097e-06
-3.800941861345515772e-06
-2.146096011430383068e-06
-8.579950272548887770e-07
