-1.122709006289158377e-03
-1.047909625717703859e-03
-9.752337420087986344e-04
-9.046667887009587515e-04
-8.361942491225346236e-04
-7.698016727808233185e-04
-7.054746942707530721e-04
-6.431990551605897520e-04
-5.829606294127693969e-04
-5.247454530323250512e-04
-4.685397587930379727e-04
-4.143300171086027549e-04
-3.621029844012747930e-04
-3.118457606766653675e-04
-2.635458585181593531e-04
-2.171912863699645405e-04
-1.727706498927785231e-04
-1.302732764535286664e-04
-8.968936960002463210e-05
-5.101020298617302382e-05
-1.422836704541730751e-05
