-2.354146500603036991e-03
-2.267249618419913196e-03
-2.182358289377431867e-03
-2.099454678250925639e-03
-2.018520811523122783e-03
-1.939538575426367779e-03
-1.862489713958545654e-03
-1.787355826874046901e-03
-1.714118367656789280e-03
-1.642758641466561965e-03
-1.573257803068202213e-03
-1.505596854738054961e-03
-1.439756644154428084e-03
-1.375717862269432981e-03
-1.313461041168836928e-03
-1.252966551915123085e-03
-1.194214602381924806e-03
-1.137185235080801805e-03
-1.081858324980764733e-03
-1.028213577327857656e-03
-9.762305254647858557e-04
-9.258885286569102768e-04
-8.771667699293164526e-04
-8.300442539195668473e-04
-7.844998047525024009e-04
-7.405120639439287389e-04
-6.980594883408352234e-04
-6.571203481082459746e-04
-6.176727247724442000e-04
-5.796945093307806322e-04
-5.431634004445223124e-04
-5.080569027287728124e-04
-4.743523251579204875e-04
-4.420267796093722704e-04
-4.110571795686513352e-04
-3.814202390281573921e-04
-3.530924716135904113e-04
-3.260501899796050562e-04
-3.002695055299090931e-04
-2.757263285201507624e-04
-2.523963686217655994e-04
-2.302551360426974086e-04
-2.092779433218078017e-04
-1.894399079478784889e-04
-1.707159559937114881e-04
-1.530808270117881443e-04
-1.365090805146612261e-04
-1.209751044666183524e-04
-1.064531263621168206e-04
-9.291722767557707261e-05
-8.034136277493037111e-05
-6.869938384586728262e-05
-5.796507406864212085e-05
-4.811219237405202093e-05
-3.911453485284470389e-05
-3.094602081411816126e-05
-2.358081656696028357e-05
-1.699351928532454362e-05
-1.115944133203886425e-05
-6.055073069169349294e-06
-1.658888772075900550e-06
