-1.186376308802995381e-03
-1.110900869859904978e-03
-1.037540610500772755e-03
-9.662806390656128452e-04
-8.971060884990461441e-04
-8.300021297322230512e-04
-7.649539870974713263e-04
-7.019469561354184026e-04
-6.409664242297380106e-04
-5.819978946012722976e-04
-5.250270143115675150e-04
-4.700396070950428064e-04
-4.170217120279074503e-04
-3.659596293174404553e-04
-3.168399748387717377e-04
-2.696497455179649679e-04
-2.243763982856606721e-04
-1.810079461981584092e-04
-1.395330765146066425e-04
-9.994129724321526836e-05
-6.222312111400367688e-05
-2.637029958058928540e-05
